version 1
nodes
0 "ROOT" -1
1 "BODY" 0
2 "HEAD" 1
3 "TAIL" 1
end
skeleton
time 0
0 0 0 0 0 0 0
1 0 0.372666 0 0 0 0
2 0 0.0840445 0 0 0 0
3 0 0.329966 0 0 0 0
end
triangles
Pii_KARAMANERO_body.png
0 -0.0639463 0.0429168 -0.0177 0.0824723 0.27605 0.957598 0.152507 0.958746 1 1 1
0 -0.00799164 0.0132459 -0.0204709 0.359466 0.61212 0.704339 0.157334 0.956186 1 1 1
0 0 0.0429235 0 -0.254367 -0.300964 0.919086 0.158024 0.958747 1 1 1
Pii_KARAMANERO_body.png
0 -0.0639463 0.0429168 -0.0177 0.0824723 0.27605 0.957598 0.152507 0.958746 1 1 1
0 -0.116086 0 0.115204 0.439926 0.789701 0.427595 0.148009 0.955044 1 1 1
0 -0.00799164 0.0132459 -0.0204709 0.359466 0.61212 0.704339 0.157334 0.956186 1 1 1
Pii_KARAMANERO_body.png
0 -0.0639463 0.0429168 -0.0177 0.0824723 0.27605 0.957598 0.152507 0.958746 1 1 1
0 0 0.0429235 0 -0.254367 -0.300964 0.919086 0.158024 0.958747 1 1 1
0 -0.10243 0.164427 0 -0.116914 -0.13502 0.983921 0.149187 0.969228 1 1 1
Pii_KARAMANERO_body.png
0 -0.0639463 0.0429168 -0.0177 0.0824723 0.27605 0.957598 0.152507 0.958746 1 1 1
0 -0.00799164 0.0132459 -0.0204709 0.359466 0.61212 0.704339 0.157334 0.956186 1 1 1
0 -0.116086 0 0.115204 0.439926 0.789701 0.427595 0.148009 0.955044 1 1 1
Pii_KARAMANERO_body.png
0 -0.0639463 0.0429168 -0.0177 0.0824723 0.27605 0.957598 0.152507 0.958746 1 1 1
0 0 0.0429235 0 -0.254367 -0.300964 0.919086 0.158024 0.958747 1 1 1
0 -0.00799164 0.0132459 -0.0204709 0.359466 0.61212 0.704339 0.157334 0.956186 1 1 1
Pii_KARAMANERO_body.png
0 -0.0639463 0.0429168 -0.0177 0.0824723 0.27605 0.957598 0.152507 0.958746 1 1 1
0 -0.10243 0.164427 0 -0.116914 -0.13502 0.983921 0.149187 0.969228 1 1 1
0 -0.161078 0.117229 -0.0151838 -0.110403 -0.177417 0.977924 0.144128 0.965157 1 1 1
Pii_KARAMANERO_body.png
0 -0.0639463 0.0429168 -0.0177 0.0824723 0.27605 0.957598 0.152507 0.958746 1 1 1
0 -0.10243 0.164427 0 -0.116914 -0.13502 0.983921 0.149187 0.969228 1 1 1
0 0 0.0429235 0 -0.254367 -0.300964 0.919086 0.158024 0.958747 1 1 1
Pii_KARAMANERO_body.png
0 -0.0639463 0.0429168 -0.0177 0.0824723 0.27605 0.957598 0.152507 0.958746 1 1 1
0 -0.161078 0.117229 -0.0151838 -0.110403 -0.177417 0.977924 0.144128 0.965157 1 1 1
0 -0.10243 0.164427 0 -0.116914 -0.13502 0.983921 0.149187 0.969228 1 1 1
Pii_KARAMANERO_body.png
0 -0.161078 0.117229 -0.0151838 -0.110403 -0.177417 0.977924 0.144128 0.965157 1 1 1
0 -0.10243 0.164427 0 -0.116914 -0.13502 0.983921 0.149187 0.969228 1 1 1
0 -0.258209 0.191542 -0.0126675 -0.0948842 -0.0816189 0.992137 0.135748 0.971568 1 1 1
Pii_KARAMANERO_body.png
0 -0.161078 0.117229 -0.0151838 -0.110403 -0.177417 0.977924 0.144128 0.965157 1 1 1
0 -0.258209 0.191542 -0.0126675 -0.0948842 -0.0816189 0.992137 0.135748 0.971568 1 1 1
0 -0.10243 0.164427 0 -0.116914 -0.13502 0.983921 0.149187 0.969228 1 1 1
Pii_KARAMANERO_body.png
0 -0.258209 0.191542 -0.0126675 -0.0948842 -0.0816189 0.992137 0.135748 0.971568 1 1 1
0 -0.10243 0.164427 0 -0.116914 -0.13502 0.983921 0.149187 0.969228 1 1 1
0 -0.201452 0.306124 0 -0.0919932 -0.0642873 0.993682 0.140645 0.981452 1 1 1
Pii_KARAMANERO_body.png
0 -0.258209 0.191542 -0.0126675 -0.0948842 -0.0816189 0.992137 0.135748 0.971568 1 1 1
0 -0.201452 0.306124 0 -0.0919932 -0.0642873 0.993682 0.140645 0.981452 1 1 1
0 -0.10243 0.164427 0 -0.116914 -0.13502 0.983921 0.149187 0.969228 1 1 1
Pii_KARAMANERO_body.png
0 -0.083014 0.766748 0.0423599 -0.475412 0.854986 -0.20732 0.0901032 0.95925 1 2 1
0 0 0.829631 -0.0106884 0 0.945529 0.325539 0.0934265 0.961374 1 2 1
0 -0.0805049 0.884277 -0.217295 -0.103245 0.841837 -0.529765 0.0902036 0.969645 1 2 1
Pii_KARAMANERO_body.png
0 -0.083014 0.766748 0.0423599 -0.475412 0.854986 -0.20732 0.0901032 0.95925 1 2 1
0 0 0.766748 0.165211 0 0.626574 0.779362 0.0934265 0.954332 1 2 1
0 0 0.829631 -0.0106884 0 0.945529 0.325539 0.0934265 0.961374 1 2 1
Pii_KARAMANERO_body.png
0 -0.083014 0.766748 0.0423599 -0.475412 0.854986 -0.20732 0.0901032 0.95925 1 2 1
0 -0.0805049 0.884277 -0.217295 -0.103245 0.841837 -0.529765 0.0902036 0.969645 1 2 1
0 -0.137601 0.78701 -0.143931 0.141521 0.692493 -0.707407 0.0879179 0.966708 1 2 1
Pii_KARAMANERO_body.png
0 -0.083014 0.766748 0.0423599 -0.475412 0.854986 -0.20732 0.0901032 0.95925 1 2 1
0 -0.0316911 0.965334 0.107879 0.89356 0.448839 -0.00966078 0.0921578 0.956627 1 2 1
0 0 0.766748 0.165211 0 0.626574 0.779362 0.0934265 0.954332 1 2 1
Pii_KARAMANERO_body.png
0 -0.083014 0.766748 0.0423599 -0.475412 0.854986 -0.20732 0.0901032 0.95925 1 2 1
0 -0.137601 0.78701 -0.143931 0.141521 0.692493 -0.707407 0.0879179 0.966708 1 2 1
0 -0.245604 0.906024 -0.195941 0.0165639 0.970185 -0.241797 0.0835943 0.96879 1 2 1
Pii_KARAMANERO_body.png
0 -0.083014 0.766748 0.0423599 -0.475412 0.854986 -0.20732 0.0901032 0.95925 1 2 1
0 -0.11383 0.909343 0.0302111 0.160925 -0.430574 -0.888093 0.0888695 0.959736 1 2 1
0 -0.0316911 0.965334 0.107879 0.89356 0.448839 -0.00966078 0.0921578 0.956627 1 2 1
Pii_KARAMANERO_body.png
0 -0.083014 0.766748 0.0423599 -0.475412 0.854986 -0.20732 0.0901032 0.95925 1 2 1
0 -0.245604 0.906024 -0.195941 0.0165639 0.970185 -0.241797 0.0835943 0.96879 1 2 1
0 -0.295529 0.809947 -0.103738 -0.887864 0.0603782 0.456127 0.0815956 0.965099 1 2 1
Pii_KARAMANERO_body.png
0 -0.083014 0.766748 0.0423599 -0.475412 0.854986 -0.20732 0.0901032 0.95925 1 2 1
0 -0.192081 0.928488 0.0874256 -0.974089 0.158903 0.160934 0.0857371 0.957446 1 2 1
0 -0.11383 0.909343 0.0302111 0.160925 -0.430574 -0.888093 0.0888695 0.959736 1 2 1
Pii_KARAMANERO_body.png
0 -0.083014 0.766748 0.0423599 -0.475412 0.854986 -0.20732 0.0901032 0.95925 1 2 1
0 -0.295529 0.809947 -0.103738 -0.887864 0.0603782 0.456127 0.0815956 0.965099 1 2 1
0 -0.214083 0.691187 -0.00931097 -0.812001 0.210895 -0.544223 0.0848561 0.961319 1 2 1
Pii_KARAMANERO_body.png
0 -0.083014 0.766748 0.0423599 -0.475412 0.854986 -0.20732 0.0901032 0.95925 1 2 1
0 -0.153098 0.691187 0.130364 -0.451442 0.392841 0.801171 0.0872976 0.955727 1 2 1
0 -0.192081 0.928488 0.0874256 -0.974089 0.158903 0.160934 0.0857371 0.957446 1 2 1
Pii_KARAMANERO_body.png
0 -0.083014 0.766748 0.0423599 -0.475412 0.854986 -0.20732 0.0901032 0.95925 1 2 1
0 -0.214083 0.691187 -0.00931097 -0.812001 0.210895 -0.544223 0.0848561 0.961319 1 2 1
0 -0.153098 0.691187 0.130364 -0.451442 0.392841 0.801171 0.0872976 0.955727 1 2 1
Pii_KARAMANERO_body.png
0 0 0.829631 -0.0106884 0 0.945529 0.325539 0.0934265 0.961374 1 2 1
0 0 0.792605 -0.158617 0 0.647876 -0.761746 0.0934265 0.967296 1 2 1
0 -0.0805049 0.884277 -0.217295 -0.103245 0.841837 -0.529765 0.0902036 0.969645 1 2 1
Pii_KARAMANERO_body.png
0 0 0.829631 -0.0106884 0 0.945529 0.325539 0.0934265 0.961374 1 2 1
0 0 0.766748 0.165211 0 0.626574 0.779362 0.0934265 0.954332 1 2 1
0 0.083014 0.766748 0.0423599 0.475412 0.854986 -0.207319 0.0967498 0.95925 1 2 1
Pii_KARAMANERO_body.png
0 0 0.829631 -0.0106884 0 0.945529 0.325539 0.0934265 0.961374 1 2 1
0 0.0805049 0.884277 -0.217295 0.103245 0.841837 -0.529765 0.0966493 0.969645 1 2 1
0 0 0.792605 -0.158617 0 0.647876 -0.761746 0.0934265 0.967296 1 2 1
Pii_KARAMANERO_body.png
0 0 0.829631 -0.0106884 0 0.945529 0.325539 0.0934265 0.961374 1 2 1
0 0.083014 0.766748 0.0423599 0.475412 0.854986 -0.207319 0.0967498 0.95925 1 2 1
0 0.0805049 0.884277 -0.217295 0.103245 0.841837 -0.529765 0.0966493 0.969645 1 2 1
Pii_KARAMANERO_body.png
0 -0.137601 0.78701 -0.143931 0.141521 0.692493 -0.707407 0.0879179 0.966708 1 2 1
0 -0.343005 0.748428 -0.446267 -0.50741 -0.353149 -0.786016 0.079695 0.978811 1 2 1
0 -0.245604 0.906024 -0.195941 0.0165639 0.970185 -0.241797 0.0835943 0.96879 1 2 1
Pii_KARAMANERO_body.png
0 -0.137601 0.78701 -0.143931 0.141521 0.692493 -0.707407 0.0879179 0.966708 1 2 1
0 -0.0805049 0.884277 -0.217295 -0.103245 0.841837 -0.529765 0.0902036 0.969645 1 2 1
0 -0.113319 0.616888 -0.448716 -0.124826 0.217103 -0.968135 0.08889 0.978909 1 2 1
Pii_KARAMANERO_body.png
0 -0.113319 0.616888 -0.448716 -0.124826 0.217103 -0.968135 0.08889 0.978909 1 2 1
0 -0.0805049 0.884277 -0.217295 -0.103245 0.841837 -0.529765 0.0902036 0.969645 1 2 1
0 0 0.792605 -0.158617 0 0.647876 -0.761746 0.0934265 0.967296 1 2 1
Pii_KARAMANERO_body.png
0 -0.245604 0.906024 -0.195941 0.0165639 0.970185 -0.241797 0.0835943 0.96879 1 2 1
0 -0.343005 0.748428 -0.446267 -0.50741 -0.353149 -0.786016 0.079695 0.978811 1 2 1
0 -0.295529 0.809947 -0.103738 -0.887864 0.0603782 0.456127 0.0815956 0.965099 1 2 1
Pii_KARAMANERO_body.png
0 -0.0316911 0.965334 0.107879 0.89356 0.448839 -0.00966078 0.0921578 0.956627 1 2 1
0 -0.11383 0.909343 0.0302111 0.160925 -0.430574 -0.888093 0.0888695 0.959736 1 2 1
0 -0.137874 1.04443 -0.109656 -0.0371902 0.769211 -0.637912 0.087907 0.965336 1 2 1
Pii_KARAMANERO_body.png
0 -0.137874 1.04443 -0.109656 -0.0371902 0.769211 -0.637912 0.087907 0.965336 1 2 1
0 -0.11383 0.909343 0.0302111 0.160925 -0.430574 -0.888093 0.0888695 0.959736 1 2 1
0 -0.192081 0.928488 0.0874256 -0.974089 0.158903 0.160934 0.0857371 0.957446 1 2 1
Pii_KARAMANERO_body.png
0 -0.214083 0.691187 -0.00931097 -0.812001 0.210895 -0.544223 0.0848561 0.961319 1 2 1
0 -0.263011 0.848715 -0.0303121 0.555412 0.822469 0.122732 0.0828838 0.962147 1 2 1
0 -0.153098 0.691187 0.130364 -0.451442 0.392841 0.801171 0.0872976 0.955727 1 2 1
Pii_KARAMANERO_body.png
0 -0.214083 0.691187 -0.00931097 -0.812001 0.210895 -0.544223 0.0848561 0.961319 1 2 1
0 -0.328597 0.784315 -0.0868466 0.450735 -0.157802 -0.878599 0.0803945 0.964533 1 2 1
0 -0.263011 0.848715 -0.0303121 0.555412 0.822469 0.122732 0.0828838 0.962147 1 2 1
Pii_KARAMANERO_body.png
0 0 0.766748 0.165211 0 0.626574 0.779362 0.0934265 0.954332 1 2 1
0 0.0316911 0.965334 0.107879 -0.89356 0.448839 -0.00966074 0.0946952 0.956627 1 2 1
0 0.083014 0.766748 0.0423599 0.475412 0.854986 -0.207319 0.0967498 0.95925 1 2 1
Pii_KARAMANERO_body.png
0 0.0805049 0.884277 -0.217295 0.103245 0.841837 -0.529765 0.0966493 0.969645 1 2 1
0 0.113319 0.616888 -0.448716 0.124826 0.217103 -0.968135 0.097963 0.978909 1 2 1
0 0 0.792605 -0.158617 0 0.647876 -0.761746 0.0934265 0.967296 1 2 1
Pii_KARAMANERO_body.png
0 0.0805049 0.884277 -0.217295 0.103245 0.841837 -0.529765 0.0966493 0.969645 1 2 1
0 0.083014 0.766748 0.0423599 0.475412 0.854986 -0.207319 0.0967498 0.95925 1 2 1
0 0.137601 0.78701 -0.143931 -0.141521 0.692493 -0.707407 0.098935 0.966708 1 2 1
Pii_KARAMANERO_body.png
0 0.0805049 0.884277 -0.217295 0.103245 0.841837 -0.529765 0.0966493 0.969645 1 2 1
0 0.137601 0.78701 -0.143931 -0.141521 0.692493 -0.707407 0.098935 0.966708 1 2 1
0 0.113319 0.616888 -0.448716 0.124826 0.217103 -0.968135 0.097963 0.978909 1 2 1
Pii_KARAMANERO_body.png
0 -0.153098 0.691187 0.130364 -0.451442 0.392841 0.801171 0.0872976 0.955727 1 2 1
0 -0.263011 0.848715 -0.0303121 0.555412 0.822469 0.122732 0.0828838 0.962147 1 2 1
0 -0.343728 0.873256 0.0377929 -0.623685 0.43336 0.650551 0.0796657 0.959433 1 2 1
Pii_KARAMANERO_body.png
0 -0.328597 0.784315 -0.0868466 0.450735 -0.157802 -0.878599 0.0803945 0.964533 1 2 1
0 -0.473123 0.941227 -0.186725 -0.698916 0.556368 -0.449412 0.0744861 0.968421 1 2 1
0 -0.263011 0.848715 -0.0303121 0.555412 0.822469 0.122732 0.0828838 0.962147 1 2 1
Pii_KARAMANERO_body.png
0 -0.263011 0.848715 -0.0303121 0.555412 0.822469 0.122732 0.0828838 0.962147 1 2 1
0 -0.473123 0.941227 -0.186725 -0.698916 0.556368 -0.449412 0.0744861 0.968421 1 2 1
0 -0.343728 0.873256 0.0377929 -0.623685 0.43336 0.650551 0.0796657 0.959433 1 2 1
Pii_KARAMANERO_body.png
0 0.0316911 0.965334 0.107879 -0.89356 0.448839 -0.00966074 0.0946952 0.956627 1 2 1
0 0.11383 0.909343 0.0302111 -0.160925 -0.430574 -0.888093 0.0979834 0.959736 1 2 1
0 0.083014 0.766748 0.0423599 0.475412 0.854986 -0.207319 0.0967498 0.95925 1 2 1
Pii_KARAMANERO_body.png
0 0.0316911 0.965334 0.107879 -0.89356 0.448839 -0.00966074 0.0946952 0.956627 1 2 1
0 0.137874 1.04443 -0.109656 0.0371902 0.769211 -0.637912 0.0989459 0.965336 1 2 1
0 0.11383 0.909343 0.0302111 -0.160925 -0.430574 -0.888093 0.0979834 0.959736 1 2 1
Pii_KARAMANERO_body.png
0 0.137601 0.78701 -0.143931 -0.141521 0.692493 -0.707407 0.098935 0.966708 1 2 1
0 0.083014 0.766748 0.0423599 0.475412 0.854986 -0.207319 0.0967498 0.95925 1 2 1
0 0.245604 0.906024 -0.195941 -0.0165639 0.970185 -0.241797 0.103259 0.96879 1 2 1
Pii_KARAMANERO_body.png
0 0.137601 0.78701 -0.143931 -0.141521 0.692493 -0.707407 0.098935 0.966708 1 2 1
0 0.245604 0.906024 -0.195941 -0.0165639 0.970185 -0.241797 0.103259 0.96879 1 2 1
0 0.343005 0.748428 -0.446267 0.50741 -0.353149 -0.786016 0.107158 0.978811 1 2 1
Pii_KARAMANERO_body.png
0 0.137874 1.04443 -0.109656 0.0371902 0.769211 -0.637912 0.0989459 0.965336 1 2 1
0 0.192081 0.928488 0.0874256 0.974089 0.158903 0.160934 0.101116 0.957446 1 2 1
0 0.11383 0.909343 0.0302111 -0.160925 -0.430574 -0.888093 0.0979834 0.959736 1 2 1
Pii_KARAMANERO_body.png
0 0.11383 0.909343 0.0302111 -0.160925 -0.430574 -0.888093 0.0979834 0.959736 1 2 1
0 0.192081 0.928488 0.0874256 0.974089 0.158903 0.160934 0.101116 0.957446 1 2 1
0 0.083014 0.766748 0.0423599 0.475412 0.854986 -0.207319 0.0967498 0.95925 1 2 1
Pii_KARAMANERO_body.png
0 0.245604 0.906024 -0.195941 -0.0165639 0.970185 -0.241797 0.103259 0.96879 1 2 1
0 0.295529 0.809947 -0.103738 0.887864 0.0603782 0.456127 0.105257 0.965099 1 2 1
0 0.343005 0.748428 -0.446267 0.50741 -0.353149 -0.786016 0.107158 0.978811 1 2 1
Pii_KARAMANERO_body.png
0 0.245604 0.906024 -0.195941 -0.0165639 0.970185 -0.241797 0.103259 0.96879 1 2 1
0 0.083014 0.766748 0.0423599 0.475412 0.854986 -0.207319 0.0967498 0.95925 1 2 1
0 0.295529 0.809947 -0.103738 0.887864 0.0603782 0.456127 0.105257 0.965099 1 2 1
Pii_KARAMANERO_body.png
0 0.192081 0.928488 0.0874256 0.974089 0.158903 0.160934 0.101116 0.957446 1 2 1
0 0.153098 0.691187 0.130364 0.451442 0.392841 0.801171 0.0995554 0.955727 1 2 1
0 0.083014 0.766748 0.0423599 0.475412 0.854986 -0.207319 0.0967498 0.95925 1 2 1
Pii_KARAMANERO_body.png
0 0.295529 0.809947 -0.103738 0.887864 0.0603782 0.456127 0.105257 0.965099 1 2 1
0 0.083014 0.766748 0.0423599 0.475412 0.854986 -0.207319 0.0967498 0.95925 1 2 1
0 0.214083 0.691187 -0.00931097 0.812001 0.210895 -0.544223 0.101997 0.961319 1 2 1
Pii_KARAMANERO_body.png
0 0.083014 0.766748 0.0423599 0.475412 0.854986 -0.207319 0.0967498 0.95925 1 2 1
0 0.153098 0.691187 0.130364 0.451442 0.392841 0.801171 0.0995554 0.955727 1 2 1
0 0.214083 0.691187 -0.00931097 0.812001 0.210895 -0.544223 0.101997 0.961319 1 2 1
Pii_KARAMANERO_body.png
0 0.153098 0.691187 0.130364 0.451442 0.392841 0.801171 0.0995554 0.955727 1 2 1
0 0.263011 0.848715 -0.0303121 -0.555412 0.822469 0.122732 0.103969 0.962147 1 2 1
0 0.214083 0.691187 -0.00931097 0.812001 0.210895 -0.544223 0.101997 0.961319 1 2 1
Pii_KARAMANERO_body.png
0 0.153098 0.691187 0.130364 0.451442 0.392841 0.801171 0.0995554 0.955727 1 2 1
0 0.343728 0.873256 0.0377929 0.623685 0.43336 0.650551 0.107187 0.959433 1 2 1
0 0.263011 0.848715 -0.0303121 -0.555412 0.822469 0.122732 0.103969 0.962147 1 2 1
Pii_KARAMANERO_body.png
0 0.214083 0.691187 -0.00931097 0.812001 0.210895 -0.544223 0.101997 0.961319 1 2 1
0 0.263011 0.848715 -0.0303121 -0.555412 0.822469 0.122732 0.103969 0.962147 1 2 1
0 0.328597 0.784315 -0.0868466 -0.450735 -0.157802 -0.878599 0.106458 0.964533 1 2 1
Pii_KARAMANERO_body.png
0 0.343728 0.873256 0.0377929 0.623685 0.43336 0.650551 0.107187 0.959433 1 2 1
0 0.473123 0.941227 -0.186725 0.698916 0.556368 -0.449413 0.112367 0.968421 1 2 1
0 0.263011 0.848715 -0.0303121 -0.555412 0.822469 0.122732 0.103969 0.962147 1 2 1
Pii_KARAMANERO_body.png
0 0.263011 0.848715 -0.0303121 -0.555412 0.822469 0.122732 0.103969 0.962147 1 2 1
0 0.473123 0.941227 -0.186725 0.698916 0.556368 -0.449413 0.112367 0.968421 1 2 1
0 0.328597 0.784315 -0.0868466 -0.450735 -0.157802 -0.878599 0.106458 0.964533 1 2 1
Pii_KARAMANERO_body.png
0 0.0639463 0.0429168 -0.0177 -0.0824723 0.27605 0.957598 0.16354 0.958746 1 1 1
0 0 0.0429235 0 0.254367 -0.300964 0.919086 0.158024 0.958747 1 1 1
0 0.00799164 0.0132459 -0.0204709 -0.359466 0.61212 0.704339 0.158713 0.956186 1 1 1
Pii_KARAMANERO_body.png
0 0.0639463 0.0429168 -0.0177 -0.0824723 0.27605 0.957598 0.16354 0.958746 1 1 1
0 0.10243 0.164427 0 0.116914 -0.13502 0.983921 0.16686 0.969228 1 1 1
0 0 0.0429235 0 0.254367 -0.300964 0.919086 0.158024 0.958747 1 1 1
Pii_KARAMANERO_body.png
0 0.0639463 0.0429168 -0.0177 -0.0824723 0.27605 0.957598 0.16354 0.958746 1 1 1
0 0.00799164 0.0132459 -0.0204709 -0.359466 0.61212 0.704339 0.158713 0.956186 1 1 1
0 0.116086 0 0.115204 -0.439926 0.789701 0.427595 0.168038 0.955044 1 1 1
Pii_KARAMANERO_body.png
0 0.0639463 0.0429168 -0.0177 -0.0824723 0.27605 0.957598 0.16354 0.958746 1 1 1
0 0.161078 0.117229 -0.0151838 0.110403 -0.177417 0.977924 0.17192 0.965157 1 1 1
0 0.10243 0.164427 0 0.116914 -0.13502 0.983921 0.16686 0.969228 1 1 1
Pii_KARAMANERO_body.png
0 0.0639463 0.0429168 -0.0177 -0.0824723 0.27605 0.957598 0.16354 0.958746 1 1 1
0 0.00799164 0.0132459 -0.0204709 -0.359466 0.61212 0.704339 0.158713 0.956186 1 1 1
0 0 0.0429235 0 0.254367 -0.300964 0.919086 0.158024 0.958747 1 1 1
Pii_KARAMANERO_body.png
0 0.0639463 0.0429168 -0.0177 -0.0824723 0.27605 0.957598 0.16354 0.958746 1 1 1
0 0.116086 0 0.115204 -0.439926 0.789701 0.427595 0.168038 0.955044 1 1 1
0 0.00799164 0.0132459 -0.0204709 -0.359466 0.61212 0.704339 0.158713 0.956186 1 1 1
Pii_KARAMANERO_body.png
0 0.0639463 0.0429168 -0.0177 -0.0824723 0.27605 0.957598 0.16354 0.958746 1 1 1
0 0.10243 0.164427 0 0.116914 -0.13502 0.983921 0.16686 0.969228 1 1 1
0 0.161078 0.117229 -0.0151838 0.110403 -0.177417 0.977924 0.17192 0.965157 1 1 1
Pii_KARAMANERO_body.png
0 0.0639463 0.0429168 -0.0177 -0.0824723 0.27605 0.957598 0.16354 0.958746 1 1 1
0 0 0.0429235 0 0.254367 -0.300964 0.919086 0.158024 0.958747 1 1 1
0 0.10243 0.164427 0 0.116914 -0.13502 0.983921 0.16686 0.969228 1 1 1
Pii_KARAMANERO_body.png
0 0.161078 0.117229 -0.0151838 0.110403 -0.177417 0.977924 0.17192 0.965157 1 1 1
0 0.258209 0.191542 -0.0126675 0.0948842 -0.0816189 0.992137 0.180299 0.971568 1 1 1
0 0.10243 0.164427 0 0.116914 -0.13502 0.983921 0.16686 0.969228 1 1 1
Pii_KARAMANERO_body.png
0 0.161078 0.117229 -0.0151838 0.110403 -0.177417 0.977924 0.17192 0.965157 1 1 1
0 0.10243 0.164427 0 0.116914 -0.13502 0.983921 0.16686 0.969228 1 1 1
0 0.258209 0.191542 -0.0126675 0.0948842 -0.0816189 0.992137 0.180299 0.971568 1 1 1
Pii_KARAMANERO_body.png
0 0.10243 0.164427 0 0.116914 -0.13502 0.983921 0.16686 0.969228 1 1 1
0 0.258209 0.191542 -0.0126675 0.0948842 -0.0816189 0.992137 0.180299 0.971568 1 1 1
0 0.201452 0.306124 0 0.0919932 -0.0642873 0.993682 0.175403 0.981452 1 1 1
Pii_KARAMANERO_body.png
0 0.10243 0.164427 0 0.116914 -0.13502 0.983921 0.16686 0.969228 1 1 1
0 0.201452 0.306124 0 0.0919932 -0.0642873 0.993682 0.175403 0.981452 1 1 1
0 0.258209 0.191542 -0.0126675 0.0948842 -0.0816189 0.992137 0.180299 0.971568 1 1 1
Pii_KARAMANERO_body.png
0 -0.232625 0.594831 0.0531133 -0.80248 -0.596354 0.0196922 0.0200794 0.962184 1 2 1
0 -0.104723 0.456006 0.0416301 -0.55532 -0.786401 0.270541 0.0254777 0.956325 1 2 1
0 -0.152236 0.543195 0.130713 -0.553267 -0.507435 0.66061 0.0234723 0.960005 1 2 1
Pii_KARAMANERO_body.png
0 -0.232625 0.594831 0.0531133 -0.80248 -0.596354 0.0196922 0.0200794 0.962184 1 2 1
0 -0.113305 0.45925 -0.0501205 -0.612922 -0.739234 -0.279034 0.0251155 0.956462 1 2 1
0 -0.104723 0.456006 0.0416301 -0.55532 -0.786401 0.270541 0.0254777 0.956325 1 2 1
Pii_KARAMANERO_body.png
0 -0.232625 0.594831 0.0531133 -0.80248 -0.596354 0.0196922 0.0200794 0.962184 1 2 1
0 -0.152236 0.543195 0.130713 -0.553267 -0.507435 0.66061 0.0234723 0.960005 1 2 1
0 -0.248169 0.674353 0.156352 -0.398713 -0.0369011 0.916333 0.0194234 0.965541 1 2 1
Pii_KARAMANERO_body.png
0 -0.232625 0.594831 0.0531133 -0.80248 -0.596354 0.0196922 0.0200794 0.962184 1 2 1
0 -0.152236 0.557934 -0.152427 -0.7016 -0.395355 -0.592833 0.0234723 0.960627 1 2 1
0 -0.113305 0.45925 -0.0501205 -0.612922 -0.739234 -0.279034 0.0251155 0.956462 1 2 1
Pii_KARAMANERO_body.png
0 -0.232625 0.594831 0.0531133 -0.80248 -0.596354 0.0196922 0.0200794 0.962184 1 2 1
0 -0.248169 0.674353 0.156352 -0.398713 -0.0369011 0.916333 0.0194234 0.965541 1 2 1
0 -0.380983 0.742118 0.0156024 -0.802476 -0.595716 -0.0339729 0.0138178 0.968401 1 2 1
Pii_KARAMANERO_body.png
0 -0.232625 0.594831 0.0531133 -0.80248 -0.596354 0.0196922 0.0200794 0.962184 1 2 1
0 -0.180218 0.679779 -0.119497 -0.640751 -0.643872 -0.418172 0.0222913 0.96577 1 2 1
0 -0.152236 0.557934 -0.152427 -0.7016 -0.395355 -0.592833 0.0234723 0.960627 1 2 1
Pii_KARAMANERO_body.png
0 -0.232625 0.594831 0.0531133 -0.80248 -0.596354 0.0196922 0.0200794 0.962184 1 2 1
0 -0.380983 0.742118 0.0156024 -0.802476 -0.595716 -0.0339729 0.0138178 0.968401 1 2 1
0 -0.214083 0.691187 -0.00931097 -0.812001 0.210895 -0.544223 0.020862 0.966251 1 2 1
Pii_KARAMANERO_body.png
0 -0.232625 0.594831 0.0531133 -0.80248 -0.596354 0.0196922 0.0200794 0.962184 1 2 1
0 -0.214083 0.691187 -0.00931097 -0.812001 0.210895 -0.544223 0.020862 0.966251 1 2 1
0 -0.180218 0.679779 -0.119497 -0.640751 -0.643872 -0.418172 0.0222913 0.96577 1 2 1
Pii_KARAMANERO_body.png
0 -0.104723 0.456006 0.0416301 -0.55532 -0.786401 0.270541 0.0254777 0.956325 1 2 1
0 0 0.45256 0.114094 0 -0.811645 0.584151 0.0298977 0.956179 1 2 1
0 -0.152236 0.543195 0.130713 -0.553267 -0.507435 0.66061 0.0234723 0.960005 1 2 1
Pii_KARAMANERO_body.png
0 -0.104723 0.456006 0.0416301 -0.55532 -0.786401 0.270541 0.0254777 0.956325 1 2 1
0 -0.113305 0.45925 -0.0501205 -0.612922 -0.739234 -0.279034 0.0251155 0.956462 1 2 1
0 0 0.395267 0.000200115 0 -0.998943 -0.0459653 0.0298977 0.953761 1 2 1
Pii_KARAMANERO_body.png
0 -0.104723 0.456006 0.0416301 -0.55532 -0.786401 0.270541 0.0254777 0.956325 1 2 1
0 0 0.395267 0.000200115 0 -0.998943 -0.0459653 0.0298977 0.953761 1 2 1
0 0 0.45256 0.114094 0 -0.811645 0.584151 0.0298977 0.956179 1 2 1
Pii_KARAMANERO_body.png
0 -0.248169 0.674353 0.156352 -0.398713 -0.0369011 0.916333 0.0194234 0.965541 1 2 1
0 -0.343728 0.873256 0.0377929 -0.623685 0.43336 0.650551 0.0153901 0.973935 1 2 1
0 -0.380983 0.742118 0.0156024 -0.802476 -0.595716 -0.0339729 0.0138178 0.968401 1 2 1
Pii_KARAMANERO_body.png
0 -0.248169 0.674353 0.156352 -0.398713 -0.0369011 0.916333 0.0194234 0.965541 1 2 1
0 -0.152236 0.543195 0.130713 -0.553267 -0.507435 0.66061 0.0234723 0.960005 1 2 1
0 -0.153098 0.691187 0.130364 -0.451442 0.392841 0.801171 0.023436 0.966251 1 2 1
Pii_KARAMANERO_body.png
0 -0.248169 0.674353 0.156352 -0.398713 -0.0369011 0.916333 0.0194234 0.965541 1 2 1
0 -0.153098 0.691187 0.130364 -0.451442 0.392841 0.801171 0.023436 0.966251 1 2 1
0 -0.343728 0.873256 0.0377929 -0.623685 0.43336 0.650551 0.0153901 0.973935 1 2 1
Pii_KARAMANERO_body.png
0 -0.152236 0.557934 -0.152427 -0.7016 -0.395355 -0.592833 0.0234723 0.960627 1 2 1
0 -0.180218 0.679779 -0.119497 -0.640751 -0.643872 -0.418172 0.0222913 0.96577 1 2 1
0 -0.0765488 0.691187 -0.209974 -0.21541 -0.767781 -0.603416 0.0266669 0.966251 1 2 1
Pii_KARAMANERO_body.png
0 -0.152236 0.557934 -0.152427 -0.7016 -0.395355 -0.592833 0.0234723 0.960627 1 2 1
0 0 0.465049 -0.138959 0 -0.7657 -0.643198 0.0298977 0.956707 1 2 1
0 -0.113305 0.45925 -0.0501205 -0.612922 -0.739234 -0.279034 0.0251155 0.956462 1 2 1
Pii_KARAMANERO_body.png
0 -0.152236 0.557934 -0.152427 -0.7016 -0.395355 -0.592833 0.0234723 0.960627 1 2 1
0 -0.0765488 0.691187 -0.209974 -0.21541 -0.767781 -0.603416 0.0266669 0.966251 1 2 1
0 0 0.560986 -0.207847 0 -0.347056 -0.937844 0.0298977 0.960756 1 2 1
Pii_KARAMANERO_body.png
0 -0.152236 0.557934 -0.152427 -0.7016 -0.395355 -0.592833 0.0234723 0.960627 1 2 1
0 0 0.560986 -0.207847 0 -0.347056 -0.937844 0.0298977 0.960756 1 2 1
0 0 0.465049 -0.138959 0 -0.7657 -0.643198 0.0298977 0.956707 1 2 1
Pii_KARAMANERO_body.png
0 -0.113305 0.45925 -0.0501205 -0.612922 -0.739234 -0.279034 0.0251155 0.956462 1 2 1
0 0 0.465049 -0.138959 0 -0.7657 -0.643198 0.0298977 0.956707 1 2 1
0 0 0.395267 0.000200115 0 -0.998943 -0.0459653 0.0298977 0.953761 1 2 1
Pii_KARAMANERO_body.png
0 -0.214083 0.691187 -0.00931097 -0.812001 0.210895 -0.544223 0.020862 0.966251 1 2 1
0 -0.380983 0.742118 0.0156024 -0.802476 -0.595716 -0.0339729 0.0138178 0.968401 1 2 1
0 -0.328597 0.784315 -0.0868466 0.450735 -0.157802 -0.878599 0.0160584 0.970253 1 2 1
Pii_KARAMANERO_body.png
0 -0.214083 0.691187 -0.00931097 -0.812001 0.210895 -0.544223 0.020862 0.966251 1 2 1
0 -0.295529 0.809947 -0.103738 -0.887864 0.0603782 0.456127 0.0174244 0.971264 1 2 1
0 -0.180218 0.679779 -0.119497 -0.640751 -0.643872 -0.418172 0.0222913 0.96577 1 2 1
Pii_KARAMANERO_body.png
0 0 0.45256 0.114094 0 -0.811645 0.584151 0.0298977 0.956179 1 2 1
0 0 0.395267 0.000200115 0 -0.998943 -0.0459653 0.0298977 0.953761 1 2 1
0 0.104723 0.456006 0.0416301 0.55532 -0.786401 0.270541 0.0343178 0.956325 1 2 1
Pii_KARAMANERO_body.png
0 0 0.45256 0.114094 0 -0.811645 0.584151 0.0298977 0.956179 1 2 1
0 0.104723 0.456006 0.0416301 0.55532 -0.786401 0.270541 0.0343178 0.956325 1 2 1
0 0.152236 0.543195 0.130713 0.553267 -0.507435 0.66061 0.0363232 0.960005 1 2 1
Pii_KARAMANERO_body.png
0 0 0.45256 0.114094 0 -0.811645 0.584151 0.0298977 0.956179 1 2 1
0 0.0535981 0.551737 0.18465 0.258539 -0.311252 0.914483 0.0321596 0.960366 1 2 1
0 -0.0535981 0.551737 0.18465 -0.258302 -0.310964 0.914648 0.0276356 0.960365 1 2 1
Pii_KARAMANERO_body.png
0 -0.153098 0.691187 0.130364 -0.451442 0.392841 0.801171 0.023436 0.966251 1 2 1
0 -0.0540288 0.691187 0.184229 -0.18966 -0.0983635 0.97691 0.0276174 0.966251 1 2 1
0 -0.0807439 0.78174 0.223487 -0.278727 0.0112507 0.960304 0.0264898 0.970073 1 2 1
Pii_KARAMANERO_body.png
0 -0.153098 0.691187 0.130364 -0.451442 0.392841 0.801171 0.023436 0.966251 1 2 1
0 -0.0807439 0.78174 0.223487 -0.278727 0.0112507 0.960304 0.0264898 0.970073 1 2 1
0 -0.114538 0.970531 0.18846 -0.226735 0.666036 0.710625 0.0250636 0.978041 1 2 1
Pii_KARAMANERO_body.png
0 -0.153098 0.691187 0.130364 -0.451442 0.392841 0.801171 0.023436 0.966251 1 2 1
0 -0.114538 0.970531 0.18846 -0.226735 0.666036 0.710625 0.0250636 0.978041 1 2 1
0 -0.192081 0.928488 0.0874256 -0.974089 0.158903 0.160934 0.0217909 0.976267 1 2 1
Pii_KARAMANERO_body.png
0 -0.343728 0.873256 0.0377929 -0.623685 0.43336 0.650551 0.0153901 0.973935 1 2 1
0 -0.473123 0.941227 -0.186725 -0.698916 0.556368 -0.449412 0.0099287 0.976804 1 2 1
0 -0.380983 0.742118 0.0156024 -0.802476 -0.595716 -0.0339729 0.0138178 0.968401 1 2 1
Pii_KARAMANERO_body.png
0 -0.380983 0.742118 0.0156024 -0.802476 -0.595716 -0.0339729 0.0138178 0.968401 1 2 1
0 -0.473123 0.941227 -0.186725 -0.698916 0.556368 -0.449412 0.0099287 0.976804 1 2 1
0 -0.328597 0.784315 -0.0868466 0.450735 -0.157802 -0.878599 0.0160584 0.970253 1 2 1
Pii_KARAMANERO_body.png
0 -0.0765488 0.691187 -0.209974 -0.21541 -0.767781 -0.603416 0.0266669 0.966251 1 2 1
0 0.0765488 0.691187 -0.209974 0.21541 -0.767781 -0.603417 0.0331287 0.966251 1 2 1
0 0 0.560986 -0.207847 0 -0.347056 -0.937844 0.0298977 0.960756 1 2 1
Pii_KARAMANERO_body.png
0 -0.0765488 0.691187 -0.209974 -0.21541 -0.767781 -0.603416 0.0266669 0.966251 1 2 1
0 -0.180218 0.679779 -0.119497 -0.640751 -0.643872 -0.418172 0.0222913 0.96577 1 2 1
0 -0.137601 0.78701 -0.143931 0.141521 0.692493 -0.707407 0.0240901 0.970296 1 2 1
Pii_KARAMANERO_body.png
0 -0.0765488 0.691187 -0.209974 -0.21541 -0.767781 -0.603416 0.0266669 0.966251 1 2 1
0 0 0.792605 -0.158617 0 0.647876 -0.761746 0.0298977 0.970532 1 2 1
0 0.0765488 0.691187 -0.209974 0.21541 -0.767781 -0.603417 0.0331287 0.966251 1 2 1
Pii_KARAMANERO_body.png
0 -0.0765488 0.691187 -0.209974 -0.21541 -0.767781 -0.603416 0.0266669 0.966251 1 2 1
0 -0.137601 0.78701 -0.143931 0.141521 0.692493 -0.707407 0.0240901 0.970296 1 2 1
0 -0.113319 0.616888 -0.448716 -0.124826 0.217103 -0.968135 0.0251149 0.963115 1 2 1
Pii_KARAMANERO_body.png
0 -0.0765488 0.691187 -0.209974 -0.21541 -0.767781 -0.603416 0.0266669 0.966251 1 2 1
0 -0.113319 0.616888 -0.448716 -0.124826 0.217103 -0.968135 0.0251149 0.963115 1 2 1
0 0 0.792605 -0.158617 0 0.647876 -0.761746 0.0298977 0.970532 1 2 1
Pii_KARAMANERO_body.png
0 0 0.465049 -0.138959 0 -0.7657 -0.643198 0.0298977 0.956707 1 2 1
0 0.113305 0.45925 -0.0501205 0.612922 -0.739234 -0.279034 0.03468 0.956462 1 2 1
0 0 0.395267 0.000200115 0 -0.998943 -0.0459653 0.0298977 0.953761 1 2 1
Pii_KARAMANERO_body.png
0 0 0.465049 -0.138959 0 -0.7657 -0.643198 0.0298977 0.956707 1 2 1
0 0 0.560986 -0.207847 0 -0.347056 -0.937844 0.0298977 0.960756 1 2 1
0 0.152236 0.557934 -0.152427 0.7016 -0.395355 -0.592833 0.0363232 0.960627 1 2 1
Pii_KARAMANERO_body.png
0 0 0.465049 -0.138959 0 -0.7657 -0.643198 0.0298977 0.956707 1 2 1
0 0.152236 0.557934 -0.152427 0.7016 -0.395355 -0.592833 0.0363232 0.960627 1 2 1
0 0.113305 0.45925 -0.0501205 0.612922 -0.739234 -0.279034 0.03468 0.956462 1 2 1
Pii_KARAMANERO_body.png
0 0 0.560986 -0.207847 0 -0.347056 -0.937844 0.0298977 0.960756 1 2 1
0 0.0765488 0.691187 -0.209974 0.21541 -0.767781 -0.603417 0.0331287 0.966251 1 2 1
0 0.152236 0.557934 -0.152427 0.7016 -0.395355 -0.592833 0.0363232 0.960627 1 2 1
Pii_KARAMANERO_body.png
0 0 0.395267 0.000200115 0 -0.998943 -0.0459653 0.0298977 0.953761 1 2 1
0 0.113305 0.45925 -0.0501205 0.612922 -0.739234 -0.279034 0.03468 0.956462 1 2 1
0 0.104723 0.456006 0.0416301 0.55532 -0.786401 0.270541 0.0343178 0.956325 1 2 1
Pii_KARAMANERO_body.png
0 -0.295529 0.809947 -0.103738 -0.887864 0.0603782 0.456127 0.0174244 0.971264 1 2 1
0 -0.343005 0.748428 -0.446267 -0.50741 -0.353149 -0.786016 0.0154206 0.968667 1 2 1
0 -0.180218 0.679779 -0.119497 -0.640751 -0.643872 -0.418172 0.0222913 0.96577 1 2 1
Pii_KARAMANERO_body.png
0 -0.180218 0.679779 -0.119497 -0.640751 -0.643872 -0.418172 0.0222913 0.96577 1 2 1
0 -0.343005 0.748428 -0.446267 -0.50741 -0.353149 -0.786016 0.0154206 0.968667 1 2 1
0 -0.137601 0.78701 -0.143931 0.141521 0.692493 -0.707407 0.0240901 0.970296 1 2 1
Pii_KARAMANERO_body.png
0 0.152236 0.543195 0.130713 0.553267 -0.507435 0.66061 0.0363232 0.960005 1 2 1
0 0.104723 0.456006 0.0416301 0.55532 -0.786401 0.270541 0.0343178 0.956325 1 2 1
0 0.232625 0.594831 0.0531133 0.80248 -0.596354 0.0196922 0.0397162 0.962184 1 2 1
Pii_KARAMANERO_body.png
0 0.152236 0.543195 0.130713 0.553267 -0.507435 0.66061 0.0363232 0.960005 1 2 1
0 0.232625 0.594831 0.0531133 0.80248 -0.596354 0.0196922 0.0397162 0.962184 1 2 1
0 0.248169 0.674353 0.156352 0.398713 -0.0369011 0.916333 0.0403722 0.965541 1 2 1
Pii_KARAMANERO_body.png
0 0.152236 0.543195 0.130713 0.553267 -0.507435 0.66061 0.0363232 0.960005 1 2 1
0 0.248169 0.674353 0.156352 0.398713 -0.0369011 0.916333 0.0403722 0.965541 1 2 1
0 0.153098 0.691187 0.130364 0.451442 0.392841 0.801171 0.0363595 0.966251 1 2 1
Pii_KARAMANERO_body.png
0 0.113305 0.45925 -0.0501205 0.612922 -0.739234 -0.279034 0.03468 0.956462 1 2 1
0 0.152236 0.557934 -0.152427 0.7016 -0.395355 -0.592833 0.0363232 0.960627 1 2 1
0 0.232625 0.594831 0.0531133 0.80248 -0.596354 0.0196922 0.0397162 0.962184 1 2 1
Pii_KARAMANERO_body.png
0 0.113305 0.45925 -0.0501205 0.612922 -0.739234 -0.279034 0.03468 0.956462 1 2 1
0 0.232625 0.594831 0.0531133 0.80248 -0.596354 0.0196922 0.0397162 0.962184 1 2 1
0 0.104723 0.456006 0.0416301 0.55532 -0.786401 0.270541 0.0343178 0.956325 1 2 1
Pii_KARAMANERO_body.png
0 0.0535981 0.551737 0.18465 0.258539 -0.311252 0.914483 0.0321596 0.960366 1 2 1
0 0.0540288 0.691187 0.184229 0.189847 -0.0984634 0.976864 0.0321782 0.966251 1 2 1
0 -0.0535981 0.551737 0.18465 -0.258302 -0.310964 0.914648 0.0276356 0.960365 1 2 1
Pii_KARAMANERO_body.png
0 -0.0535981 0.551737 0.18465 -0.258302 -0.310964 0.914648 0.0276356 0.960365 1 2 1
0 0.0540288 0.691187 0.184229 0.189847 -0.0984634 0.976864 0.0321782 0.966251 1 2 1
0 -0.0540288 0.691187 0.184229 -0.18966 -0.0983635 0.97691 0.0276174 0.966251 1 2 1
Pii_KARAMANERO_body.png
0 -0.0807439 0.78174 0.223487 -0.278727 0.0112507 0.960304 0.0264898 0.970073 1 2 1
0 0 0.766748 0.165211 0 0.626574 0.779362 0.0298977 0.96944 1 2 1
0 -0.114538 0.970531 0.18846 -0.226735 0.666036 0.710625 0.0250636 0.978041 1 2 1
Pii_KARAMANERO_body.png
0 -0.0807439 0.78174 0.223487 -0.278727 0.0112507 0.960304 0.0264898 0.970073 1 2 1
0 -0.0540288 0.691187 0.184229 -0.18966 -0.0983635 0.97691 0.0276174 0.966251 1 2 1
0 0 0.766748 0.165211 0 0.626574 0.779362 0.0298977 0.96944 1 2 1
Pii_KARAMANERO_body.png
0 -0.0540288 0.691187 0.184229 -0.18966 -0.0983635 0.97691 0.0276174 0.966251 1 2 1
0 0.0540288 0.691187 0.184229 0.189847 -0.0984634 0.976864 0.0321782 0.966251 1 2 1
0 0 0.766748 0.165211 0 0.626574 0.779362 0.0298977 0.96944 1 2 1
Pii_KARAMANERO_body.png
0 -0.192081 0.928488 0.0874256 -0.974089 0.158903 0.160934 0.0217909 0.976267 1 2 1
0 -0.114538 0.970531 0.18846 -0.226735 0.666036 0.710625 0.0250636 0.978041 1 2 1
0 -0.137874 1.04443 -0.109656 -0.0371902 0.769211 -0.637912 0.0240785 0.981161 1 2 1
Pii_KARAMANERO_body.png
0 0 0.792605 -0.158617 0 0.647876 -0.761746 0.0298977 0.970532 1 2 1
0 0.113319 0.616888 -0.448716 0.124826 0.217103 -0.968135 0.0346806 0.963115 1 2 1
0 0.0765488 0.691187 -0.209974 0.21541 -0.767781 -0.603417 0.0331287 0.966251 1 2 1
Pii_KARAMANERO_body.png
0 0.248169 0.674353 0.156352 0.398713 -0.0369011 0.916333 0.0403722 0.965541 1 2 1
0 0.343728 0.873256 0.0377929 0.623685 0.43336 0.650551 0.0444055 0.973935 1 2 1
0 0.153098 0.691187 0.130364 0.451442 0.392841 0.801171 0.0363595 0.966251 1 2 1
Pii_KARAMANERO_body.png
0 0.248169 0.674353 0.156352 0.398713 -0.0369011 0.916333 0.0403722 0.965541 1 2 1
0 0.232625 0.594831 0.0531133 0.80248 -0.596354 0.0196922 0.0397162 0.962184 1 2 1
0 0.380983 0.742118 0.0156024 0.802476 -0.595716 -0.0339728 0.0459777 0.968401 1 2 1
Pii_KARAMANERO_body.png
0 0.248169 0.674353 0.156352 0.398713 -0.0369011 0.916333 0.0403722 0.965541 1 2 1
0 0.380983 0.742118 0.0156024 0.802476 -0.595716 -0.0339728 0.0459777 0.968401 1 2 1
0 0.343728 0.873256 0.0377929 0.623685 0.43336 0.650551 0.0444055 0.973935 1 2 1
Pii_KARAMANERO_body.png
0 0.152236 0.557934 -0.152427 0.7016 -0.395355 -0.592833 0.0363232 0.960627 1 2 1
0 0.0765488 0.691187 -0.209974 0.21541 -0.767781 -0.603417 0.0331287 0.966251 1 2 1
0 0.180218 0.679779 -0.119497 0.640751 -0.643872 -0.418172 0.0375043 0.96577 1 2 1
Pii_KARAMANERO_body.png
0 0.152236 0.557934 -0.152427 0.7016 -0.395355 -0.592833 0.0363232 0.960627 1 2 1
0 0.180218 0.679779 -0.119497 0.640751 -0.643872 -0.418172 0.0375043 0.96577 1 2 1
0 0.232625 0.594831 0.0531133 0.80248 -0.596354 0.0196922 0.0397162 0.962184 1 2 1
Pii_KARAMANERO_body.png
0 0.0540288 0.691187 0.184229 0.189847 -0.0984634 0.976864 0.0321782 0.966251 1 2 1
0 0.0807439 0.78174 0.223487 0.278727 0.0112507 0.960304 0.0333057 0.970073 1 2 1
0 0 0.766748 0.165211 0 0.626574 0.779362 0.0298977 0.96944 1 2 1
Pii_KARAMANERO_body.png
0 0.0540288 0.691187 0.184229 0.189847 -0.0984634 0.976864 0.0321782 0.966251 1 2 1
0 0.153098 0.691187 0.130364 0.451442 0.392841 0.801171 0.0363595 0.966251 1 2 1
0 0.0807439 0.78174 0.223487 0.278727 0.0112507 0.960304 0.0333057 0.970073 1 2 1
Pii_KARAMANERO_body.png
0 -0.114538 0.970531 0.18846 -0.226735 0.666036 0.710625 0.0250636 0.978041 1 2 1
0 -0.0316911 0.965334 0.107879 0.89356 0.448839 -0.00966078 0.0285602 0.977822 1 2 1
0 -0.137874 1.04443 -0.109656 -0.0371902 0.769211 -0.637912 0.0240785 0.981161 1 2 1
Pii_KARAMANERO_body.png
0 -0.114538 0.970531 0.18846 -0.226735 0.666036 0.710625 0.0250636 0.978041 1 2 1
0 0 0.766748 0.165211 0 0.626574 0.779362 0.0298977 0.96944 1 2 1
0 -0.0316911 0.965334 0.107879 0.89356 0.448839 -0.00966078 0.0285602 0.977822 1 2 1
Pii_KARAMANERO_body.png
0 0.113319 0.616888 -0.448716 0.124826 0.217103 -0.968135 0.0346806 0.963115 1 2 1
0 0.137601 0.78701 -0.143931 -0.141521 0.692493 -0.707407 0.0357054 0.970296 1 2 1
0 0.0765488 0.691187 -0.209974 0.21541 -0.767781 -0.603417 0.0331287 0.966251 1 2 1
Pii_KARAMANERO_body.png
0 0.0765488 0.691187 -0.209974 0.21541 -0.767781 -0.603417 0.0331287 0.966251 1 2 1
0 0.137601 0.78701 -0.143931 -0.141521 0.692493 -0.707407 0.0357054 0.970296 1 2 1
0 0.180218 0.679779 -0.119497 0.640751 -0.643872 -0.418172 0.0375043 0.96577 1 2 1
Pii_KARAMANERO_body.png
0 0.380983 0.742118 0.0156024 0.802476 -0.595716 -0.0339728 0.0459777 0.968401 1 2 1
0 0.473123 0.941227 -0.186725 0.698916 0.556368 -0.449413 0.0498669 0.976804 1 2 1
0 0.343728 0.873256 0.0377929 0.623685 0.43336 0.650551 0.0444055 0.973935 1 2 1
Pii_KARAMANERO_body.png
0 0.380983 0.742118 0.0156024 0.802476 -0.595716 -0.0339728 0.0459777 0.968401 1 2 1
0 0.232625 0.594831 0.0531133 0.80248 -0.596354 0.0196922 0.0397162 0.962184 1 2 1
0 0.214083 0.691187 -0.00931097 0.812001 0.210895 -0.544223 0.0389336 0.966251 1 2 1
Pii_KARAMANERO_body.png
0 0.380983 0.742118 0.0156024 0.802476 -0.595716 -0.0339728 0.0459777 0.968401 1 2 1
0 0.328597 0.784315 -0.0868466 -0.450735 -0.157802 -0.878599 0.0437369 0.970254 1 2 1
0 0.473123 0.941227 -0.186725 0.698916 0.556368 -0.449413 0.0498669 0.976804 1 2 1
Pii_KARAMANERO_body.png
0 0.380983 0.742118 0.0156024 0.802476 -0.595716 -0.0339728 0.0459777 0.968401 1 2 1
0 0.214083 0.691187 -0.00931097 0.812001 0.210895 -0.544223 0.0389336 0.966251 1 2 1
0 0.328597 0.784315 -0.0868466 -0.450735 -0.157802 -0.878599 0.0437369 0.970254 1 2 1
Pii_KARAMANERO_body.png
0 0.232625 0.594831 0.0531133 0.80248 -0.596354 0.0196922 0.0397162 0.962184 1 2 1
0 0.180218 0.679779 -0.119497 0.640751 -0.643872 -0.418172 0.0375043 0.96577 1 2 1
0 0.214083 0.691187 -0.00931097 0.812001 0.210895 -0.544223 0.0389336 0.966251 1 2 1
Pii_KARAMANERO_body.png
0 0.153098 0.691187 0.130364 0.451442 0.392841 0.801171 0.0363595 0.966251 1 2 1
0 0.114538 0.970531 0.18846 0.226735 0.666036 0.710625 0.034732 0.978041 1 2 1
0 0.0807439 0.78174 0.223487 0.278727 0.0112507 0.960304 0.0333057 0.970073 1 2 1
Pii_KARAMANERO_body.png
0 0.153098 0.691187 0.130364 0.451442 0.392841 0.801171 0.0363595 0.966251 1 2 1
0 0.192081 0.928488 0.0874256 0.974089 0.158903 0.160934 0.0380046 0.976267 1 2 1
0 0.114538 0.970531 0.18846 0.226735 0.666036 0.710625 0.034732 0.978041 1 2 1
Pii_KARAMANERO_body.png
0 0.0807439 0.78174 0.223487 0.278727 0.0112507 0.960304 0.0333057 0.970073 1 2 1
0 0.114538 0.970531 0.18846 0.226735 0.666036 0.710625 0.034732 0.978041 1 2 1
0 0 0.766748 0.165211 0 0.626574 0.779362 0.0298977 0.96944 1 2 1
Pii_KARAMANERO_body.png
0 0.137601 0.78701 -0.143931 -0.141521 0.692493 -0.707407 0.0357054 0.970296 1 2 1
0 0.343005 0.748428 -0.446267 0.50741 -0.353149 -0.786016 0.0443749 0.968667 1 2 1
0 0.180218 0.679779 -0.119497 0.640751 -0.643872 -0.418172 0.0375043 0.96577 1 2 1
Pii_KARAMANERO_body.png
0 0.214083 0.691187 -0.00931097 0.812001 0.210895 -0.544223 0.0389336 0.966251 1 2 1
0 0.180218 0.679779 -0.119497 0.640751 -0.643872 -0.418172 0.0375043 0.96577 1 2 1
0 0.295529 0.809947 -0.103738 0.887864 0.0603782 0.456127 0.0423712 0.971264 1 2 1
Pii_KARAMANERO_body.png
0 0.295529 0.809947 -0.103738 0.887864 0.0603782 0.456127 0.0423712 0.971264 1 2 1
0 0.180218 0.679779 -0.119497 0.640751 -0.643872 -0.418172 0.0375043 0.96577 1 2 1
0 0.343005 0.748428 -0.446267 0.50741 -0.353149 -0.786016 0.0443749 0.968667 1 2 1
Pii_KARAMANERO_body.png
0 0.192081 0.928488 0.0874256 0.974089 0.158903 0.160934 0.0380046 0.976267 1 2 1
0 0.137874 1.04443 -0.109656 0.0371902 0.769211 -0.637912 0.035717 0.981161 1 2 1
0 0.114538 0.970531 0.18846 0.226735 0.666036 0.710625 0.034732 0.978041 1 2 1
Pii_KARAMANERO_body.png
0 0 0.766748 0.165211 0 0.626574 0.779362 0.0298977 0.96944 1 2 1
0 0.114538 0.970531 0.18846 0.226735 0.666036 0.710625 0.034732 0.978041 1 2 1
0 0.0316911 0.965334 0.107879 -0.89356 0.448839 -0.00966074 0.0312353 0.977822 1 2 1
Pii_KARAMANERO_body.png
0 0.0316911 0.965334 0.107879 -0.89356 0.448839 -0.00966074 0.0312353 0.977822 1 2 1
0 0.114538 0.970531 0.18846 0.226735 0.666036 0.710625 0.034732 0.978041 1 2 1
0 0.137874 1.04443 -0.109656 0.0371902 0.769211 -0.637912 0.035717 0.981161 1 2 1
Pii_KARAMANERO_body.png
0 0.131461 0.407584 -0.127369 0.43795 -0.164271 -0.883863 0.772748 0.739147 1 1 1
0 0.21613 0.38396 -0.0454618 0.849747 -0.394865 -0.349301 0.573689 0.698642 1 1 1
