version 1
nodes
0 "ROOT" -1
1 "BODY" 0
2 "ARM" 1
3 "HEAD" 1
4 "EAR" 3
5 "LEG" 1
6 "TAIL" 1
end
skeleton
time 0
0 0 0 0 0 0 0
1 0 0.112492 0 0 0 0
2 0 0.0692101 0.0970677 -0.103625 0 0
3 0 0.0988198 0.153231 0 0 0
4 0 0.20714 0.0602755 0 0 0
5 0 0.0670651 -0.0807078 0.214144 0 0
6 0 0.0696667 -0.130685 0 0 0
end
triangles
Pii_NYARUMAA_body
0 -0.110886 0.38152 -0.0216619 -0.972733 -0.203461 0.111333 0.526554 0.325727 2 6 1 1 0
0 -0.05206 0.287384 0.0201565 -0.270082 -0.844651 0.462191 0.543129 0.299437 2 6 1 1 0
0 -0.0359464 0.319891 0.0154378 0.269964 0.84468 -0.462207 0.547669 0.308569 2 6 1 1 0
Pii_NYARUMAA_body
0 -0.110886 0.38152 -0.0216619 -0.972733 -0.203461 0.111333 0.526554 0.325727 2 6 1 1 0
0 -0.0359464 0.319891 0.0154378 0.269964 0.84468 -0.462207 0.547669 0.308569 2 6 1 1 0
0 -0.05206 0.287384 0.0201565 -0.270082 -0.844651 0.462191 0.543129 0.299437 2 6 1 1 0
Pii_NYARUMAA_body
0 -0.110886 0.38152 -0.0216619 -0.972733 -0.203461 0.111333 0.526554 0.325727 2 6 1 1 0
0 -0.0359464 0.319891 0.0154378 0.269964 0.84468 -0.462207 0.547669 0.308569 2 6 1 1 0
0 -0.0762755 0.385832 -0.0106097 0.972717 0.203519 -0.111365 0.536306 0.327002 2 6 1 1 0
Pii_NYARUMAA_body
0 -0.110886 0.38152 -0.0216619 -0.972733 -0.203461 0.111333 0.526554 0.325727 2 6 1 1 0
0 -0.0762755 0.385832 -0.0106097 0.972717 0.203519 -0.111365 0.536306 0.327002 2 6 1 1 0
0 -0.0359464 0.319891 0.0154378 0.269964 0.84468 -0.462207 0.547669 0.308569 2 6 1 1 0
Pii_NYARUMAA_body
0 -0.110886 0.38152 -0.0216619 -0.972733 -0.203461 0.111333 0.526554 0.325727 2 6 1 1 0
0 -0.0762755 0.385832 -0.0106097 0.972717 0.203519 -0.111365 0.536306 0.327002 2 6 1 1 0
0 -0.0365035 0.459872 -0.0469874 0.650936 0.665951 -0.364406 0.547512 0.34766 2 6 1 1 0
Pii_NYARUMAA_body
0 -0.110886 0.38152 -0.0216619 -0.972733 -0.203461 0.111333 0.526554 0.325727 2 6 1 1 0
0 -0.0365035 0.459872 -0.0469874 0.650936 0.665951 -0.364406 0.547512 0.34766 2 6 1 1 0
0 -0.0762755 0.385832 -0.0106097 0.972717 0.203519 -0.111365 0.536306 0.327002 2 6 1 1 0
Pii_NYARUMAA_body
0 -0.05206 0.287384 0.0201565 -0.270082 -0.844651 0.462191 0.543129 0.299437 2 6 1 1 0
0 0.0448811 0.321296 0.00457394 -0.770861 0.558812 -0.30578 0.570442 0.308905 2 6 1 1 0
0 -0.0359464 0.319891 0.0154378 0.269964 0.84468 -0.462207 0.547669 0.308569 2 6 1 1 0
Pii_NYARUMAA_body
0 -0.05206 0.287384 0.0201565 -0.270082 -0.844651 0.462191 0.543129 0.299437 2 6 1 1 0
0 0.0658733 0.291538 0.00810286 0.770571 -0.55912 0.305949 0.576356 0.300541 2 6 1 1 0
0 0.0448811 0.321296 0.00457394 -0.770861 0.558812 -0.30578 0.570442 0.308905 2 6 1 1 0
Pii_NYARUMAA_body
0 -0.05206 0.287384 0.0201565 -0.270082 -0.844651 0.462191 0.543129 0.299437 2 6 1 1 0
0 -0.0359464 0.319891 0.0154378 0.269964 0.84468 -0.462207 0.547669 0.308569 2 6 1 1 0
0 0.0448811 0.321296 0.00457394 -0.770861 0.558812 -0.30578 0.570442 0.308905 2 6 1 1 0
Pii_NYARUMAA_body
0 -0.05206 0.287384 0.0201565 -0.270082 -0.844651 0.462191 0.543129 0.299437 2 6 1 1 0
0 0.0448811 0.321296 0.00457394 -0.770861 0.558812 -0.30578 0.570442 0.308905 2 6 1 1 0
0 0.0658733 0.291538 0.00810286 0.770571 -0.55912 0.305949 0.576356 0.300541 2 6 1 1 0
Pii_NYARUMAA_body
0 0.0448811 0.321296 0.00457394 -0.770861 0.558812 -0.30578 0.570442 0.308905 2 6 1 1 0
0 0.0658733 0.291538 0.00810286 0.770571 -0.55912 0.305949 0.576356 0.300541 2 6 1 1 0
0 0.0734664 0.383173 -0.0402278 -0.893028 -0.394764 0.216014 0.578496 0.326091 2 6 1 1 0
Pii_NYARUMAA_body
0 0.0448811 0.321296 0.00457394 -0.770861 0.558812 -0.30578 0.570442 0.308905 2 6 1 1 0
0 0.0734664 0.383173 -0.0402278 -0.893028 -0.394764 0.216014 0.578496 0.326091 2 6 1 1 0
0 0.0658733 0.291538 0.00810286 0.770571 -0.55912 0.305949 0.576356 0.300541 2 6 1 1 0
Pii_NYARUMAA_body
0 0.0734664 0.383173 -0.0402278 -0.893028 -0.394764 0.216014 0.578496 0.326091 2 6 1 1 0
0 0.0658733 0.291538 0.00810286 0.770571 -0.55912 0.305949 0.576356 0.300541 2 6 1 1 0
0 0.107559 0.383952 -0.0534828 0.893055 0.394717 -0.215988 0.588102 0.326238 2 6 1 1 0
Pii_NYARUMAA_body
0 0.0734664 0.383173 -0.0402278 -0.893028 -0.394764 0.216014 0.578496 0.326091 2 6 1 1 0
0 0.107559 0.383952 -0.0534828 0.893055 0.394717 -0.215988 0.588102 0.326238 2 6 1 1 0
0 0.0658733 0.291538 0.00810286 0.770571 -0.55912 0.305949 0.576356 0.300541 2 6 1 1 0
Pii_NYARUMAA_body
0 0.0734664 0.383173 -0.0402278 -0.893028 -0.394764 0.216014 0.578496 0.326091 2 6 1 1 0
0 0.107559 0.383952 -0.0534828 0.893055 0.394717 -0.215988 0.588102 0.326238 2 6 1 1 0
0 0.017066 0.4292 -0.0770181 0.0259915 -0.876956 0.479868 0.562605 0.338856 2 6 1 1 0
Pii_NYARUMAA_body
0 0.0734664 0.383173 -0.0402278 -0.893028 -0.394764 0.216014 0.578496 0.326091 2 6 1 1 0
0 0.017066 0.4292 -0.0770181 0.0259915 -0.876956 0.479868 0.562605 0.338856 2 6 1 1 0
0 0.107559 0.383952 -0.0534828 0.893055 0.394717 -0.215988 0.588102 0.326238 2 6 1 1 0
Pii_NYARUMAA_body
0 0.017066 0.4292 -0.0770181 0.0259915 -0.876956 0.479868 0.562605 0.338856 2 6 1 1 0
0 0.107559 0.383952 -0.0534828 0.893055 0.394717 -0.215988 0.588102 0.326238 2 6 1 1 0
0 0.0252093 0.453233 -0.103376 -0.0264727 0.876945 -0.479862 0.564899 0.345482 2 6 1 1 0
Pii_NYARUMAA_body
0 0.017066 0.4292 -0.0770181 0.0259915 -0.876956 0.479868 0.562605 0.338856 2 6 1 1 0
0 0.0252093 0.453233 -0.103376 -0.0264727 0.876945 -0.479862 0.564899 0.345482 2 6 1 1 0
0 0.107559 0.383952 -0.0534828 0.893055 0.394717 -0.215988 0.588102 0.326238 2 6 1 1 0
Pii_NYARUMAA_body
0 0.017066 0.4292 -0.0770181 0.0259915 -0.876956 0.479868 0.562605 0.338856 2 6 1 1 0
0 0.0252093 0.453233 -0.103376 -0.0264727 0.876945 -0.479862 0.564899 0.345482 2 6 1 1 0
0 -0.0594624 0.401259 -0.0730484 0.905187 -0.372845 0.20402 0.541043 0.331006 2 6 1 1 0
Pii_NYARUMAA_body
0 0.017066 0.4292 -0.0770181 0.0259915 -0.876956 0.479868 0.562605 0.338856 2 6 1 1 0
0 -0.0594624 0.401259 -0.0730484 0.905187 -0.372845 0.20402 0.541043 0.331006 2 6 1 1 0
0 0.0252093 0.453233 -0.103376 -0.0264727 0.876945 -0.479862 0.564899 0.345482 2 6 1 1 0
Pii_NYARUMAA_body
0 -0.0594624 0.401259 -0.0730484 0.905187 -0.372845 0.20402 0.541043 0.331006 2 6 1 1 0
0 0.0252093 0.453233 -0.103376 -0.0264727 0.876945 -0.479862 0.564899 0.345482 2 6 1 1 0
0 -0.0865176 0.414557 -0.09378 -0.905178 0.372861 -0.204029 0.53342 0.334639 2 6 1 1 0
Pii_NYARUMAA_body
0 -0.0594624 0.401259 -0.0730484 0.905187 -0.372845 0.20402 0.541043 0.331006 2 6 1 1 0
0 -0.0865176 0.414557 -0.09378 -0.905178 0.372861 -0.204029 0.53342 0.334639 2 6 1 1 0
0 0.0252093 0.453233 -0.103376 -0.0264727 0.876945 -0.479862 0.564899 0.345482 2 6 1 1 0
Pii_NYARUMAA_body
0 -0.0594624 0.401259 -0.0730484 0.905187 -0.372845 0.20402 0.541043 0.331006 2 6 1 1 0
0 -0.0865176 0.414557 -0.09378 -0.905178 0.372861 -0.204029 0.53342 0.334639 2 6 1 1 0
0 -0.0681453 0.326178 -0.0423806 0.783861 0.544718 -0.298068 0.538597 0.310023 2 6 1 1 0
Pii_NYARUMAA_body
0 -0.0594624 0.401259 -0.0730484 0.905187 -0.372845 0.20402 0.541043 0.331006 2 6 1 1 0
0 -0.0681453 0.326178 -0.0423806 0.783861 0.544718 -0.298068 0.538597 0.310023 2 6 1 1 0
0 -0.0865176 0.414557 -0.09378 -0.905178 0.372861 -0.204029 0.53342 0.334639 2 6 1 1 0
Pii_NYARUMAA_body
0 -0.0681453 0.326178 -0.0423806 0.783861 0.544718 -0.298068 0.538597 0.310023 2 6 1 1 0
0 -0.0865176 0.414557 -0.09378 -0.905178 0.372861 -0.204029 0.53342 0.334639 2 6 1 1 0
0 -0.0992243 0.307081 -0.0452184 -0.784056 -0.544502 0.29795 0.52984 0.304628 2 6 1 1 0
Pii_NYARUMAA_body
0 -0.0681453 0.326178 -0.0423806 0.783861 0.544718 -0.298068 0.538597 0.310023 2 6 1 1 0
0 -0.0992243 0.307081 -0.0452184 -0.784056 -0.544502 0.29795 0.52984 0.304628 2 6 1 1 0
0 -0.0865176 0.414557 -0.09378 -0.905178 0.372861 -0.204029 0.53342 0.334639 2 6 1 1 0
Pii_NYARUMAA_body
0 -0.0681453 0.326178 -0.0423806 0.783861 0.544718 -0.298068 0.538597 0.310023 2 6 1 1 0
0 -0.0992243 0.307081 -0.0452184 -0.784056 -0.544502 0.29795 0.52984 0.304628 2 6 1 1 0
0 0.00107418 0.284924 -0.0297379 -0.234052 0.852886 -0.466697 0.558099 0.298471 2 6 1 1 0
Pii_NYARUMAA_body
0 -0.0681453 0.326178 -0.0423806 0.783861 0.544718 -0.298068 0.538597 0.310023 2 6 1 1 0
0 0.00107418 0.284924 -0.0297379 -0.234052 0.852886 -0.466697 0.558099 0.298471 2 6 1 1 0
0 -0.0992243 0.307081 -0.0452184 -0.784056 -0.544502 0.29795 0.52984 0.304628 2 6 1 1 0
Pii_NYARUMAA_body
0 0.00107418 0.284924 -0.0297379 -0.234052 0.852886 -0.466697 0.558099 0.298471 2 6 1 1 0
0 -0.0992243 0.307081 -0.0452184 -0.784056 -0.544502 0.29795 0.52984 0.304628 2 6 1 1 0
0 0.00176715 0.248975 -0.0229643 0.233906 -0.852916 0.466713 0.558294 0.288382 2 6 1 1 0
Pii_NYARUMAA_body
0 0.00107418 0.284924 -0.0297379 -0.234052 0.852886 -0.466697 0.558099 0.298471 2 6 1 1 0
0 0.00176715 0.248975 -0.0229643 0.233906 -0.852916 0.466713 0.558294 0.288382 2 6 1 1 0
0 -0.0992243 0.307081 -0.0452184 -0.784056 -0.544502 0.29795 0.52984 0.304628 2 6 1 1 0
Pii_NYARUMAA_body
0 0.00107418 0.284924 -0.0297379 -0.234052 0.852886 -0.466697 0.558099 0.298471 2 6 1 1 0
0 0.00176715 0.248975 -0.0229643 0.233906 -0.852916 0.466713 0.558294 0.288382 2 6 1 1 0
0 0.0687866 0.319615 -0.0591426 -0.984746 0.152641 -0.0835245 0.577177 0.308083 2 6 1 1 0
Pii_NYARUMAA_body
0 0.00107418 0.284924 -0.0297379 -0.234052 0.852886 -0.466697 0.558099 0.298471 2 6 1 1 0
0 0.0687866 0.319615 -0.0591426 -0.984746 0.152641 -0.0835245 0.577177 0.308083 2 6 1 1 0
0 0.00176715 0.248975 -0.0229643 0.233906 -0.852916 0.466713 0.558294 0.288382 2 6 1 1 0
Pii_NYARUMAA_body
0 0.0687866 0.319615 -0.0591426 -0.984746 0.152641 -0.0835245 0.577177 0.308083 2 6 1 1 0
0 0.00176715 0.248975 -0.0229643 0.233906 -0.852916 0.466713 0.558294 0.288382 2 6 1 1 0
0 0.100559 0.301712 -0.0620781 0.984783 -0.152457 0.0834239 0.586129 0.303024 2 6 1 1 0
Pii_NYARUMAA_body
0 0.0687866 0.319615 -0.0591426 -0.984746 0.152641 -0.0835245 0.577177 0.308083 2 6 1 1 0
0 0.100559 0.301712 -0.0620781 0.984783 -0.152457 0.0834239 0.586129 0.303024 2 6 1 1 0
0 0.00176715 0.248975 -0.0229643 0.233906 -0.852916 0.466713 0.558294 0.288382 2 6 1 1 0
Pii_NYARUMAA_body
0 0.0687866 0.319615 -0.0591426 -0.984746 0.152641 -0.0835245 0.577177 0.308083 2 6 1 1 0
0 0.100559 0.301712 -0.0620781 0.984783 -0.152457 0.0834239 0.586129 0.303024 2 6 1 1 0
0 0.0573132 0.385151 -0.106328 -0.562157 -0.725514 0.396999 0.573945 0.326287 2 6 1 1 0
Pii_NYARUMAA_body
0 0.0687866 0.319615 -0.0591426 -0.984746 0.152641 -0.0835245 0.577177 0.308083 2 6 1 1 0
0 0.0573132 0.385151 -0.106328 -0.562157 -0.725514 0.396999 0.573945 0.326287 2 6 1 1 0
0 0.100559 0.301712 -0.0620781 0.984783 -0.152457 0.0834239 0.586129 0.303024 2 6 1 1 0
Pii_NYARUMAA_body
0 0.0573132 0.385151 -0.106328 -0.562157 -0.725514 0.396999 0.573945 0.326287 2 6 1 1 0
0 0.100559 0.301712 -0.0620781 0.984783 -0.152457 0.0834239 0.586129 0.303024 2 6 1 1 0
0 0.0837796 0.399465 -0.127143 0.56254 0.725286 -0.396874 0.581401 0.330205 2 6 1 1 0
Pii_NYARUMAA_body
0 0.0573132 0.385151 -0.106328 -0.562157 -0.725514 0.396999 0.573945 0.326287 2 6 1 1 0
0 0.0837796 0.399465 -0.127143 0.56254 0.725286 -0.396874 0.581401 0.330205 2 6 1 1 0
0 0.100559 0.301712 -0.0620781 0.984783 -0.152457 0.0834239 0.586129 0.303024 2 6 1 1 0
Pii_NYARUMAA_body
0 0.0573132 0.385151 -0.106328 -0.562157 -0.725514 0.396999 0.573945 0.326287 2 6 1 1 0
0 0.0837796 0.399465 -0.127143 0.56254 0.725286 -0.396874 0.581401 0.330205 2 6 1 1 0
0 -0.0200844 0.401008 -0.126607 0.496221 -0.761627 0.41676 0.552138 0.330643 2 6 1 1 0
Pii_NYARUMAA_body
0 0.0573132 0.385151 -0.106328 -0.562157 -0.725514 0.396999 0.573945 0.326287 2 6 1 1 0
0 -0.0200844 0.401008 -0.126607 0.496221 -0.761627 0.41676 0.552138 0.330643 2 6 1 1 0
0 0.0837796 0.399465 -0.127143 0.56254 0.725286 -0.396874 0.581401 0.330205 2 6 1 1 0
Pii_NYARUMAA_body
0 -0.0200844 0.401008 -0.126607 0.496221 -0.761627 0.41676 0.552138 0.330643 2 6 1 1 0
0 0.0837796 0.399465 -0.127143 0.56254 0.725286 -0.396874 0.581401 0.330205 2 6 1 1 0
0 -0.0292158 0.424713 -0.152938 -0.496401 0.761537 -0.416711 0.549565 0.337176 2 6 1 1 0
Pii_NYARUMAA_body
0 -0.0200844 0.401008 -0.126607 0.496221 -0.761627 0.41676 0.552138 0.330643 2 6 1 1 0
0 -0.0292158 0.424713 -0.152938 -0.496401 0.761537 -0.416711 0.549565 0.337176 2 6 1 1 0
0 0.0837796 0.399465 -0.127143 0.56254 0.725286 -0.396874 0.581401 0.330205 2 6 1 1 0
Pii_NYARUMAA_body
0 -0.0200844 0.401008 -0.126607 0.496221 -0.761627 0.41676 0.552138 0.330643 2 6 1 1 0
0 -0.0292158 0.424713 -0.152938 -0.496401 0.761537 -0.416711 0.549565 0.337176 2 6 1 1 0
0 -0.0744345 0.343715 -0.106194 0.998699 0.0447398 -0.0244815 0.536825 0.314615 2 6 1 1 0
Pii_NYARUMAA_body
0 -0.0200844 0.401008 -0.126607 0.496221 -0.761627 0.41676 0.552138 0.330643 2 6 1 1 0
0 -0.0744345 0.343715 -0.106194 0.998699 0.0447398 -0.0244815 0.536825 0.314615 2 6 1 1 0
0 -0.0292158 0.424713 -0.152938 -0.496401 0.761537 -0.416711 0.549565 0.337176 2 6 1 1 0
Pii_NYARUMAA_body
0 -0.0744345 0.343715 -0.106194 0.998699 0.0447398 -0.0244815 0.536825 0.314615 2 6 1 1 0
0 -0.0292158 0.424713 -0.152938 -0.496401 0.761537 -0.416711 0.549565 0.337176 2 6 1 1 0
0 -0.108573 0.343199 -0.119343 -0.99868 -0.045055 0.024654 0.527206 0.314397 2 6 1 1 0
Pii_NYARUMAA_body
0 -0.0744345 0.343715 -0.106194 0.998699 0.0447398 -0.0244815 0.536825 0.314615 2 6 1 1 0
0 -0.108573 0.343199 -0.119343 -0.99868 -0.045055 0.024654 0.527206 0.314397 2 6 1 1 0
0 -0.0292158 0.424713 -0.152938 -0.496401 0.761537 -0.416711 0.549565 0.337176 2 6 1 1 0
Pii_NYARUMAA_body
0 -0.0744345 0.343715 -0.106194 0.998699 0.0447398 -0.0244815 0.536825 0.314615 2 6 1 1 0
0 -0.108573 0.343199 -0.119343 -0.99868 -0.045055 0.024654 0.527206 0.314397 2 6 1 1 0
0 -0.043234 0.273811 -0.0780344 0.389128 0.80811 -0.442196 0.545615 0.295077 2 6 1 1 0
Pii_NYARUMAA_body
0 -0.0744345 0.343715 -0.106194 0.998699 0.0447398 -0.0244815 0.536825 0.314615 2 6 1 1 0
0 -0.043234 0.273811 -0.0780344 0.389128 0.80811 -0.442196 0.545615 0.295077 2 6 1 1 0
0 -0.108573 0.343199 -0.119343 -0.99868 -0.045055 0.024654 0.527206 0.314397 2 6 1 1 0
Pii_NYARUMAA_body
0 -0.043234 0.273811 -0.0780344 0.389128 0.80811 -0.442196 0.545615 0.295077 2 6 1 1 0
0 -0.108573 0.343199 -0.119343 -0.99868 -0.045055 0.024654 0.527206 0.314397 2 6 1 1 0
0 -0.0630706 0.243278 -0.074442 -0.38929 -0.80805 0.442163 0.540027 0.286495 2 6 1 1 0
Pii_NYARUMAA_body
0 -0.043234 0.273811 -0.0780344 0.389128 0.80811 -0.442196 0.545615 0.295077 2 6 1 1 0
0 -0.0630706 0.243278 -0.074442 -0.38929 -0.80805 0.442163 0.540027 0.286495 2 6 1 1 0
0 -0.108573 0.343199 -0.119343 -0.99868 -0.045055 0.024654 0.527206 0.314397 2 6 1 1 0
Pii_NYARUMAA_body
0 -0.043234 0.273811 -0.0780344 0.389128 0.80811 -0.442196 0.545615 0.295077 2 6 1 1 0
0 -0.0630706 0.243278 -0.074442 -0.38929 -0.80805 0.442163 0.540027 0.286495 2 6 1 1 0
0 0.0377701 0.266316 -0.0839711 -0.682235 0.641388 -0.350965 0.568438 0.292933 2 6 1 1 0
Pii_NYARUMAA_body
0 -0.043234 0.273811 -0.0780344 0.389128 0.80811 -0.442196 0.545615 0.295077 2 6 1 1 0
0 0.0377701 0.266316 -0.0839711 -0.682235 0.641388 -0.350965 0.568438 0.292933 2 6 1 1 0
0 -0.0630706 0.243278 -0.074442 -0.38929 -0.80805 0.442163 0.540027 0.286495 2 6 1 1 0
Pii_NYARUMAA_body
0 0.0377701 0.266316 -0.0839711 -0.682235 0.641388 -0.350965 0.568438 0.292933 2 6 1 1 0
0 -0.0630706 0.243278 -0.074442 -0.38929 -0.80805 0.442163 0.540027 0.286495 2 6 1 1 0
0 0.0551204 0.234444 -0.0793045 0.682121 -0.641482 0.351017 0.573327 0.28398 2 6 1 1 0
Pii_NYARUMAA_body
0 0.0377701 0.266316 -0.0839711 -0.682235 0.641388 -0.350965 0.568438 0.292933 2 6 1 1 0
0 0.0551204 0.234444 -0.0793045 0.682121 -0.641482 0.351017 0.573327 0.28398 2 6 1 1 0
0 -0.0630706 0.243278 -0.074442 -0.38929 -0.80805 0.442163 0.540027 0.286495 2 6 1 1 0
Pii_NYARUMAA_body
0 0.0377701 0.266316 -0.0839711 -0.682235 0.641388 -0.350965 0.568438 0.292933 2 6 1 1 0
0 0.0551204 0.234444 -0.0793045 0.682121 -0.641482 0.351017 0.573327 0.28398 2 6 1 1 0
0 0.0756344 0.324578 -0.126689 -0.863111 -0.443024 0.242422 0.579107 0.309112 2 6 1 1 0
Pii_NYARUMAA_body
0 0.0377701 0.266316 -0.0839711 -0.682235 0.641388 -0.350965 0.568438 0.292933 2 6 1 1 0
0 0.0756344 0.324578 -0.126689 -0.863111 -0.443024 0.242422 0.579107 0.309112 2 6 1 1 0
0 0.0551204 0.234444 -0.0793045 0.682121 -0.641482 0.351017 0.573327 0.28398 2 6 1 1 0
Pii_NYARUMAA_body
0 0.0756344 0.324578 -0.126689 -0.863111 -0.443024 0.242422 0.579107 0.309112 2 6 1 1 0
0 0.0551204 0.234444 -0.0793045 0.682121 -0.641482 0.351017 0.573327 0.28398 2 6 1 1 0
0 0.110349 0.321582 -0.137849 0.863113 0.443022 -0.242421 0.588888 0.308207 2 6 1 1 0
Pii_NYARUMAA_body
0 0.0756344 0.324578 -0.126689 -0.863111 -0.443024 0.242422 0.579107 0.309112 2 6 1 1 0
0 0.110349 0.321582 -0.137849 0.863113 0.443022 -0.242421 0.588888 0.308207 2 6 1 1 0
0 0.0551204 0.234444 -0.0793045 0.682121 -0.641482 0.351017 0.573327 0.28398 2 6 1 1 0
Pii_NYARUMAA_body
0 0.0756344 0.324578 -0.126689 -0.863111 -0.443024 0.242422 0.579107 0.309112 2 6 1 1 0
0 0.110349 0.321582 -0.137849 0.863113 0.443022 -0.242421 0.588888 0.308207 2 6 1 1 0
0 0.0270625 0.370039 -0.178175 0.253128 -0.848683 0.464397 0.565421 0.321637 2 6 1 1 0
Pii_NYARUMAA_body
0 0.0756344 0.324578 -0.126689 -0.863111 -0.443024 0.242422 0.579107 0.309112 2 6 1 1 0
0 0.0270625 0.370039 -0.178175 0.253128 -0.848683 0.464397 0.565421 0.321637 2 6 1 1 0
0 0.110349 0.321582 -0.137849 0.863113 0.443022 -0.242421 0.588888 0.308207 2 6 1 1 0
Pii_NYARUMAA_body
0 0.0270625 0.370039 -0.178175 0.253128 -0.848683 0.464397 0.565421 0.321637 2 6 1 1 0
0 0.110349 0.321582 -0.137849 0.863113 0.443022 -0.242421 0.588888 0.308207 2 6 1 1 0
0 0.0393771 0.392972 -0.203886 -0.253232 0.848659 -0.464384 0.568891 0.327957 2 6 1 1 0
Pii_NYARUMAA_body
0 0.0270625 0.370039 -0.178175 0.253128 -0.848683 0.464397 0.565421 0.321637 2 6 1 1 0
0 0.0393771 0.392972 -0.203886 -0.253232 0.848659 -0.464384 0.568891 0.327957 2 6 1 1 0
0 0.110349 0.321582 -0.137849 0.863113 0.443022 -0.242421 0.588888 0.308207 2 6 1 1 0
Pii_NYARUMAA_body
0 0.0270625 0.370039 -0.178175 0.253128 -0.848683 0.464397 0.565421 0.321637 2 6 1 1 0
0 0.0393771 0.392972 -0.203886 -0.253232 0.848659 -0.464384 0.568891 0.327957 2 6 1 1 0
0 -0.0520171 0.341423 -0.195679 0.952991 -0.265806 0.145448 0.543141 0.31348 2 6 1 1 0
Pii_NYARUMAA_body
0 0.0270625 0.370039 -0.178175 0.253128 -0.848683 0.464397 0.565421 0.321637 2 6 1 1 0
0 -0.0520171 0.341423 -0.195679 0.952991 -0.265806 0.145448 0.543141 0.31348 2 6 1 1 0
0 0.0393771 0.392972 -0.203886 -0.253232 0.848659 -0.464384 0.568891 0.327957 2 6 1 1 0
Pii_NYARUMAA_body
0 -0.0520171 0.341423 -0.195679 0.952991 -0.265806 0.145448 0.543141 0.31348 2 6 1 1 0
0 0.0393771 0.392972 -0.203886 -0.253232 0.848659 -0.464384 0.568891 0.327957 2 6 1 1 0
0 -0.0761419 0.35756 -0.217956 -0.953043 0.265663 -0.14537 0.536344 0.317904 2 6 1 1 0
Pii_NYARUMAA_body
0 -0.0520171 0.341423 -0.195679 0.952991 -0.265806 0.145448 0.543141 0.31348 2 6 1 1 0
0 -0.0761419 0.35756 -0.217956 -0.953043 0.265663 -0.14537 0.536344 0.317904 2 6 1 1 0
0 0.0393771 0.392972 -0.203886 -0.253232 0.848659 -0.464384 0.568891 0.327957 2 6 1 1 0
Pii_NYARUMAA_body
0 -0.0520171 0.341423 -0.195679 0.952991 -0.265806 0.145448 0.543141 0.31348 2 6 1 1 0
0 -0.0761419 0.35756 -0.217956 -0.953043 0.265663 -0.14537 0.536344 0.317904 2 6 1 1 0
0 -0.0706649 0.2641 -0.17264 0.941878 0.294718 -0.161269 0.537887 0.291824 2 6 1 1 0
Pii_NYARUMAA_body
0 -0.0520171 0.341423 -0.195679 0.952991 -0.265806 0.145448 0.543141 0.31348 2 6 1 1 0
0 -0.0706649 0.2641 -0.17264 0.941878 0.294718 -0.161269 0.537887 0.291824 2 6 1 1 0
0 -0.0761419 0.35756 -0.217956 -0.953043 0.265663 -0.14537 0.536344 0.317904 2 6 1 1 0
Pii_NYARUMAA_body
0 -0.0706649 0.2641 -0.17264 0.941878 0.294718 -0.161269 0.537887 0.291824 2 6 1 1 0
0 -0.0761419 0.35756 -0.217956 -0.953043 0.265663 -0.14537 0.536344 0.317904 2 6 1 1 0
0 -0.10342 0.248521 -0.17744 -0.942002 -0.294412 0.161102 0.528658 0.287409 2 6 1 1 0
Pii_NYARUMAA_body
0 -0.0706649 0.2641 -0.17264 0.941878 0.294718 -0.161269 0.537887 0.291824 2 6 1 1 0
0 -0.10342 0.248521 -0.17744 -0.942002 -0.294412 0.161102 0.528658 0.287409 2 6 1 1 0
0 -0.0761419 0.35756 -0.217956 -0.953043 0.265663 -0.14537 0.536344 0.317904 2 6 1 1 0
Pii_NYARUMAA_body
0 -0.0706649 0.2641 -0.17264 0.941878 0.294718 -0.161269 0.537887 0.291824 2 6 1 1 0
0 -0.10342 0.248521 -0.17744 -0.942002 -0.294412 0.161102 0.528658 0.287409 2 6 1 1 0
0 0 0.187618 -0.133964 0.755114 -0.575121 0.314704 0.557796 0.27102 2 6 1 1 0
Pii_NYARUMAA_body
0 -0.0706649 0.2641 -0.17264 0.941878 0.294718 -0.161269 0.537887 0.291824 2 6 1 1 0
0 0 0.187618 -0.133964 0.755114 -0.575121 0.314704 0.557796 0.27102 2 6 1 1 0
0 -0.10342 0.248521 -0.17744 -0.942002 -0.294412 0.161102 0.528658 0.287409 2 6 1 1 0
Pii_NYARUMAA_body
0 0 0.0519239 0.00663999 0 -0.999942 0.0107772 0.872253 0.303177 2 1 1 1 0
0 -0.0960498 0.0651335 0.0483371 -0.930981 -0.321225 -0.173462 0.845043 0.370659 2 1 0.8 2 0.2
0 -0.0960498 0.0603938 -0.0285444 -0.900551 -0.396171 0.179042 0.895213 0.346446 2 1 0.8 5 0.2
Pii_NYARUMAA_body
0 0 0.0519239 0.00663999 0 -0.999942 0.0107772 0.872253 0.303177 2 1 1 1 0
0 -0.0977466 0 0.115354 -0.254132 -0.779903 0.571987 0.801311 0 2 2 1 1 0
0 -0.0960498 0.0651335 0.0483371 -0.930981 -0.321225 -0.173462 0.845043 0.370659 2 1 0.8 2 0.2
Pii_NYARUMAA_body
0 0 0.0519239 0.00663999 0 -0.999942 0.0107772 0.872253 0.303177 2 1 1 1 0
0 -0.0960498 0.0603938 -0.0285444 -0.900551 -0.396171 0.179042 0.895213 0.346446 2 1 0.8 5 0.2
0 -0.0977466 0 -0.119591 -0.275236 -0.767948 -0.578361 0.954626 0 2 5 1 1 0
Pii_NYARUMAA_body
0 0 0.0519239 0.00663999 0 -0.999942 0.0107772 0.872253 0.303177 2 1 1 1 0
0 0 0.0662278 0.15943 0 -0.363686 0.931522 0.772549 0.376249 2 1 0.5 2 0.5
0 -0.0977466 0 0.115354 -0.254132 -0.779903 0.571987 0.801311 0 2 2 1 1 0
Pii_NYARUMAA_body
0 0 0.0519239 0.00663999 0 -0.999942 0.0107772 0.872253 0.303177 2 1 1 1 0
0 -0.0977466 0 -0.119591 -0.275236 -0.767948 -0.578361 0.954626 0 2 5 1 1 0
0 0 0.0665434 -0.158546 0 -0.349642 -0.936883 0.980046 0.377861 2 1 0.5 5 0.5
Pii_NYARUMAA_body
0 0 0.0519239 0.00663999 0 -0.999942 0.0107772 0.872253 0.303177 2 1 1 1 0
0 0.0977465 0 0.115354 0.254131 -0.779903 0.571987 0.801311 0 2 2 1 1 0
0 0 0.0662278 0.15943 0 -0.363686 0.931522 0.772549 0.376249 2 1 0.5 2 0.5
Pii_NYARUMAA_body
0 0 0.0519239 0.00663999 0 -0.999942 0.0107772 0.872253 0.303177 2 1 1 1 0
0 0 0.0665434 -0.158546 0 -0.349642 -0.936883 0.980046 0.377861 2 1 0.5 5 0.5
0 0.0977465 0 -0.119591 0.275236 -0.767948 -0.578361 0.954626 0 2 5 1 1 0
Pii_NYARUMAA_body
0 0 0.0519239 0.00663999 0 -0.999942 0.0107772 0.872253 0.303177 2 1 1 1 0
0 0.0960498 0.0651335 0.0483371 0.930981 -0.321225 -0.173462 0.845043 0.370659 2 1 0.8 2 0.2
0 0.0977465 0 0.115354 0.254131 -0.779903 0.571987 0.801311 0 2 2 1 1 0
Pii_NYARUMAA_body
0 0 0.0519239 0.00663999 0 -0.999942 0.0107772 0.872253 0.303177 2 1 1 1 0
0 0.0977465 0 -0.119591 0.275236 -0.767948 -0.578361 0.954626 0 2 5 1 1 0
0 0.0960498 0.0603938 -0.0285443 0.900551 -0.396171 0.179042 0.895213 0.346446 2 1 0.8 5 0.2
Pii_NYARUMAA_body
0 0 0.0519239 0.00663999 0 -0.999942 0.0107772 0.872253 0.303177 2 1 1 1 0
0 0.0960498 0.0603938 -0.0285443 0.900551 -0.396171 0.179042 0.895213 0.346446 2 1 0.8 5 0.2
0 0.0960498 0.0651335 0.0483371 0.930981 -0.321225 -0.173462 0.845043 0.370659 2 1 0.8 2 0.2
Pii_NYARUMAA_body
0 -0.0960498 0.0651335 0.0483371 -0.930981 -0.321225 -0.173462 0.845043 0.370659 2 1 0.8 2 0.2
0 -0.0965384 0.121628 0.104427 -0.89142 0.1087 0.439948 0.808442 0.621342 2 1 0.8 2 0.2
0 -0.0960498 0.0603938 -0.0285444 -0.900551 -0.396171 0.179042 0.895213 0.346446 2 1 0.8 5 0.2
Pii_NYARUMAA_body
0 -0.0960498 0.0651335 0.0483371 -0.930981 -0.321225 -0.173462 0.845043 0.370659 2 1 0.8 2 0.2
0 -0.0977466 0 0.115354 -0.254132 -0.779903 0.571987 0.801311 0 2 2 1 1 0
0 -0.0965384 0.121628 0.104427 -0.89142 0.1087 0.439948 0.808442 0.621342 2 1 0.8 2 0.2
Pii_NYARUMAA_body
0 -0.0977466 0 0.115354 -0.254132 -0.779903 0.571987 0.801311 0 2 2 1 1 0
0 0 0.0662278 0.15943 0 -0.363686 0.931522 0.772549 0.376249 2 1 0.5 2 0.5
0 -0.0965384 0.121628 0.104427 -0.89142 0.1087 0.439948 0.808442 0.621342 2 1 0.8 2 0.2
Pii_NYARUMAA_body
0 -0.0977466 0 -0.119591 -0.275236 -0.767948 -0.578361 0.954626 0 2 5 1 1 0
0 -0.0965384 0.121628 -0.0953838 -0.862714 0.16942 -0.476467 0.938829 0.621342 2 1 0.8 5 0.2
0 0 0.0665434 -0.158546 0 -0.349642 -0.936883 0.980046 0.377861 2 1 0.5 5 0.5
Pii_NYARUMAA_body
0 -0.0977466 0 -0.119591 -0.275236 -0.767948 -0.578361 0.954626 0 2 5 1 1 0
0 -0.0960498 0.0603938 -0.0285444 -0.900551 -0.396171 0.179042 0.895213 0.346446 2 1 0.8 5 0.2
0 -0.0965384 0.121628 -0.0953838 -0.862714 0.16942 -0.476467 0.938829 0.621342 2 1 0.8 5 0.2
Pii_NYARUMAA_body
0 -0.0960498 0.0603938 -0.0285444 -0.900551 -0.396171 0.179042 0.895213 0.346446 2 1 0.8 5 0.2
0 -0.0965384 0.121628 0.104427 -0.89142 0.1087 0.439948 0.808442 0.621342 2 1 0.8 2 0.2
0 -0.0965384 0.121628 -0.0953838 -0.862714 0.16942 -0.476467 0.938829 0.621342 2 1 0.8 5 0.2
Pii_NYARUMAA_body
0 0.0977465 0 0.115354 0.254131 -0.779903 0.571987 0.801311 0 2 2 1 1 0
0 0.0960498 0.0651335 0.0483371 0.930981 -0.321225 -0.173462 0.845043 0.370659 2 1 0.8 2 0.2
0 0.0965384 0.121628 0.104427 0.89142 0.1087 0.439948 0.808442 0.621342 2 1 0.8 2 0.2
Pii_NYARUMAA_body
0 0.0977465 0 0.115354 0.254131 -0.779903 0.571987 0.801311 0 2 2 1 1 0
0 0.0965384 0.121628 0.104427 0.89142 0.1087 0.439948 0.808442 0.621342 2 1 0.8 2 0.2
0 0 0.0662278 0.15943 0 -0.363686 0.931522 0.772549 0.376249 2 1 0.5 2 0.5
Pii_NYARUMAA_body
0 0.0960498 0.0651335 0.0483371 0.930981 -0.321225 -0.173462 0.845043 0.370659 2 1 0.8 2 0.2
0 0.0960498 0.0603938 -0.0285443 0.900551 -0.396171 0.179042 0.895213 0.346446 2 1 0.8 5 0.2
0 0.0965384 0.121628 0.104427 0.89142 0.1087 0.439948 0.808442 0.621342 2 1 0.8 2 0.2
Pii_NYARUMAA_body
0 0.0977465 0 -0.119591 0.275236 -0.767948 -0.578361 0.954626 0 2 5 1 1 0
0 0 0.0665434 -0.158546 0 -0.349642 -0.936883 0.980046 0.377861 2 1 0.5 5 0.5
0 0.0965384 0.121628 -0.0953838 0.862714 0.16942 -0.476467 0.938829 0.621342 2 1 0.8 5 0.2
Pii_NYARUMAA_body
0 0.0977465 0 -0.119591 0.275236 -0.767948 -0.578361 0.954626 0 2 5 1 1 0
0 0.0965384 0.121628 -0.0953838 0.862714 0.16942 -0.476467 0.938829 0.621342 2 1 0.8 5 0.2
0 0.0960498 0.0603938 -0.0285443 0.900551 -0.396171 0.179042 0.895213 0.346446 2 1 0.8 5 0.2
Pii_NYARUMAA_body
0 0.0960498 0.0603938 -0.0285443 0.900551 -0.396171 0.179042 0.895213 0.346446 2 1 0.8 5 0.2
0 0.0965384 0.121628 -0.0953838 0.862714 0.16942 -0.476467 0.938829 0.621342 2 1 0.8 5 0.2
0 0.0965384 0.121628 0.104427 0.89142 0.1087 0.439948 0.808442 0.621342 2 1 0.8 2 0.2
Pii_NYARUMAA_body
0 -0.0965384 0.121628 0.104427 -0.89142 0.1087 0.439948 0.808442 0.621342 2 1 0.8 2 0.2
0 -0.0873779 0.181872 -0.0795326 -0.732426 0.630376 -0.257251 0.928486 0.929106 2 1 1 1 0
0 -0.0965384 0.121628 -0.0953838 -0.862714 0.16942 -0.476467 0.938829 0.621342 2 1 0.8 5 0.2
Pii_NYARUMAA_body
0 -0.0965384 0.121628 0.104427 -0.89142 0.1087 0.439948 0.808442 0.621342 2 1 0.8 2 0.2
0 0 0.0662278 0.15943 0 -0.363686 0.931522 0.772549 0.376249 2 1 0.5 2 0.5
0 0 0.121628 0.158643 0 0.0233332 0.999728 0.773062 0.621342 2 1 0.8 2 0.2
Pii_NYARUMAA_body
0 -0.0965384 0.121628 0.104427 -0.89142 0.1087 0.439948 0.808442 0.621342 2 1 0.8 2 0.2
0 -0.087378 0.181872 0.0965433 -0.829994 0.529871 0.174203 0.813586 0.929106 2 1 1 1 0
0 -0.0873779 0.181872 -0.0795326 -0.732426 0.630376 -0.257251 0.928486 0.929106 2 1 1 1 0
Pii_NYARUMAA_body
0 -0.0965384 0.121628 0.104427 -0.89142 0.1087 0.439948 0.808442 0.621342 2 1 0.8 2 0.2
0 0 0.121628 0.158643 0 0.0233332 0.999728 0.773062 0.621342 2 1 0.8 2 0.2
0 -0.087378 0.181872 0.0965433 -0.829994 0.529871 0.174203 0.813586 0.929106 2 1 1 1 0
Pii_NYARUMAA_body
0 0 0.0662278 0.15943 0 -0.363686 0.931522 0.772549 0.376249 2 1 0.5 2 0.5
0 0.0965384 0.121628 0.104427 0.89142 0.1087 0.439948 0.808442 0.621342 2 1 0.8 2 0.2
0 0 0.121628 0.158643 0 0.0233332 0.999728 0.773062 0.621342 2 1 0.8 2 0.2
Pii_NYARUMAA_body
0 0 0.0665434 -0.158546 0 -0.349642 -0.936883 0.980046 0.377861 2 1 0.5 5 0.5
0 0 0.121628 -0.158546 0 0.22859 -0.973523 0.980046 0.621342 2 1 0.8 5 0.2
0 0.0965384 0.121628 -0.0953838 0.862714 0.16942 -0.476467 0.938829 0.621342 2 1 0.8 5 0.2
Pii_NYARUMAA_body
0 0 0.0665434 -0.158546 0 -0.349642 -0.936883 0.980046 0.377861 2 1 0.5 5 0.5
0 -0.0965384 0.121628 -0.0953838 -0.862714 0.16942 -0.476467 0.938829 0.621342 2 1 0.8 5 0.2
0 0 0.121628 -0.158546 0 0.22859 -0.973523 0.980046 0.621342 2 1 0.8 5 0.2
Pii_NYARUMAA_body
0 -0.0873779 0.181872 -0.0795326 -0.732426 0.630376 -0.257251 0.928486 0.929106 2 1 1 1 0
0 -0.087378 0.181872 0.0965433 -0.829994 0.529871 0.174203 0.813586 0.929106 2 1 1 1 0
0 0 0.19575 0.0543438 0 0.995252 -0.0973283 0.841124 1 2 1 1 1 0
Pii_NYARUMAA_body
0 -0.0873779 0.181872 -0.0795326 -0.732426 0.630376 -0.257251 0.928486 0.929106 2 1 1 1 0
0 0 0.181872 -0.131395 0 0.763272 -0.646078 0.962329 0.929106 2 1 1 1 0
0 -0.0965384 0.121628 -0.0953838 -0.862714 0.16942 -0.476467 0.938829 0.621342 2 1 0.8 5 0.2
Pii_NYARUMAA_body
0 -0.0873779 0.181872 -0.0795326 -0.732426 0.630376 -0.257251 0.928486 0.929106 2 1 1 1 0
0 0 0.19575 0.0543438 0 0.995252 -0.0973283 0.841124 1 2 1 1 1 0
0 0 0.181872 -0.131395 0 0.763272 -0.646078 0.962329 0.929106 2 1 1 1 0
Pii_NYARUMAA_body
0 0 0.121628 -0.158546 0 0.22859 -0.973523 0.980046 0.621342 2 1 0.8 5 0.2
0 0 0.181872 -0.131395 0 0.763272 -0.646078 0.962329 0.929106 2 1 1 1 0
0 0.0965384 0.121628 -0.0953838 0.862714 0.16942 -0.476467 0.938829 0.621342 2 1 0.8 5 0.2
Pii_NYARUMAA_body
0 0 0.121628 -0.158546 0 0.22859 -0.973523 0.980046 0.621342 2 1 0.8 5 0.2
0 -0.0965384 0.121628 -0.0953838 -0.862714 0.16942 -0.476467 0.938829 0.621342 2 1 0.8 5 0.2
0 0 0.181872 -0.131395 0 0.763272 -0.646078 0.962329 0.929106 2 1 1 1 0
Pii_NYARUMAA_body
0 0.0965384 0.121628 0.104427 0.89142 0.1087 0.439948 0.808442 0.621342 2 1 0.8 2 0.2
0 0.0873779 0.181872 0.0965434 0.829994 0.52987 0.174203 0.813586 0.929106 2 1 1 1 0
0 0 0.121628 0.158643 0 0.0233332 0.999728 0.773062 0.621342 2 1 0.8 2 0.2
Pii_NYARUMAA_body
0 0.0965384 0.121628 0.104427 0.89142 0.1087 0.439948 0.808442 0.621342 2 1 0.8 2 0.2
0 0.0965384 0.121628 -0.0953838 0.862714 0.16942 -0.476467 0.938829 0.621342 2 1 0.8 5 0.2
0 0.0873779 0.181872 -0.0795326 0.732426 0.630376 -0.257251 0.928486 0.929106 2 1 1 1 0
Pii_NYARUMAA_body
0 0.0965384 0.121628 0.104427 0.89142 0.1087 0.439948 0.808442 0.621342 2 1 0.8 2 0.2
0 0.0873779 0.181872 -0.0795326 0.732426 0.630376 -0.257251 0.928486 0.929106 2 1 1 1 0
0 0.0873779 0.181872 0.0965434 0.829994 0.52987 0.174203 0.813586 0.929106 2 1 1 1 0
Pii_NYARUMAA_body
0 0.0873779 0.181872 -0.0795326 0.732426 0.630376 -0.257251 0.928486 0.929106 2 1 1 1 0
0 0 0.19575 0.0543438 0 0.995252 -0.0973283 0.841124 1 2 1 1 1 0
0 0.0873779 0.181872 0.0965434 0.829994 0.52987 0.174203 0.813586 0.929106 2 1 1 1 0
Pii_NYARUMAA_body
0 0.0873779 0.181872 -0.0795326 0.732426 0.630376 -0.257251 0.928486 0.929106 2 1 1 1 0
0 0.0965384 0.121628 -0.0953838 0.862714 0.16942 -0.476467 0.938829 0.621342 2 1 0.8 5 0.2
0 0 0.181872 -0.131395 0 0.763272 -0.646078 0.962329 0.929106 2 1 1 1 0
Pii_NYARUMAA_body
0 0.0873779 0.181872 -0.0795326 0.732426 0.630376 -0.257251 0.928486 0.929106 2 1 1 1 0
0 0 0.181872 -0.131395 0 0.763272 -0.646078 0.962329 0.929106 2 1 1 1 0
0 0 0.19575 0.0543438 0 0.995252 -0.0973283 0.841124 1 2 1 1 1 0
Pii_NYARUMAA_body
0 -0.087378 0.181872 0.0965433 -0.829994 0.529871 0.174203 0.813586 0.929106 2 1 1 1 0
0 0 0.121628 0.158643 0 0.0233332 0.999728 0.773062 0.621342 2 1 0.8 2 0.2
0 0 0.230355 0.174505 0 0.658116 0.752917 0.778514 0.929106 2 1 1 1 0
Pii_NYARUMAA_body
0 -0.087378 0.181872 0.0965433 -0.829994 0.529871 0.174203 0.813586 0.929106 2 1 1 1 0
0 0 0.230355 0.174505 0 0.658116 0.752917 0.778514 0.929106 2 1 1 1 0
0 0 0.19575 0.0543438 0 0.995252 -0.0973283 0.841124 1 2 1 1 1 0
Pii_NYARUMAA_body
0 0 0.230355 0.174505 0 0.658116 0.752917 0.778514 0.929106 2 1 1 1 0
0 0.0873779 0.181872 0.0965434 0.829994 0.52987 0.174203 0.813586 0.929106 2 1 1 1 0
0 0 0.19575 0.0543438 0 0.995252 -0.0973283 0.841124 1 2 1 1 1 0
Pii_NYARUMAA_body
0 0 0.230355 0.174505 0 0.658116 0.752917 0.778514 0.929106 2 1 1 1 0
0 0 0.121628 0.158643 0 0.0233332 0.999728 0.773062 0.621342 2 1 0.8 2 0.2
0 0.0873779 0.181872 0.0965434 0.829994 0.52987 0.174203 0.813586 0.929106 2 1 1 1 0
Pii_NYARUMAA_body
0 0 0.276142 0.44976 0 -0.00563381 0.999984 0.0019897 0.299873 2 3 1 1 0
0 -0.100056 0.249382 0.350256 -0.640839 -0.555239 0.530127 0.449 0.163241 2 3 1 1 0
0 0 0.225247 0.407127 0 -0.754419 0.656393 0.0019897 0.092261 2 3 1 1 0
Pii_NYARUMAA_body
0 0 0.276142 0.44976 0 -0.00563381 0.999984 0.0019897 0.299873 2 3 1 1 0
0 -0.112987 0.307187 0.3536 -0.743677 0.0174641 0.668311 0.526785 0.325961 2 3 1 1 0
0 -0.100056 0.249382 0.350256 -0.640839 -0.555239 0.530127 0.449 0.163241 2 3 1 1 0
Pii_NYARUMAA_body
0 0 0.276142 0.44976 0 -0.00563381 0.999984 0.0019897 0.299873 2 3 1 1 0
0 0 0.225247 0.407127 0 -0.754419 0.656393 0.0019897 0.092261 2 3 1 1 0
0 0.100056 0.249382 0.350256 0.640839 -0.555239 0.530127 0.449 0.163241 2 3 1 1 0
Pii_NYARUMAA_body
0 0 0.276142 0.44976 0 -0.00563381 0.999984 0.0019897 0.299873 2 3 1 1 0
0 -0.0998261 0.378085 0.348103 -0.526509 0.49821 0.688894 0.442452 0.522374 2 3 1 1 0
0 -0.112987 0.307187 0.3536 -0.743677 0.0174641 0.668311 0.526785 0.325961 2 3 1 1 0
Pii_NYARUMAA_body
0 0 0.276142 0.44976 0 -0.00563381 0.999984 0.0019897 0.299873 2 3 1 1 0
0 0.100056 0.249382 0.350256 0.640839 -0.555239 0.530127 0.449 0.163241 2 3 1 1 0
0 0.112987 0.307187 0.3536 0.743677 0.0174641 0.668311 0.526785 0.325961 2 3 1 1 0
Pii_NYARUMAA_body
0 0 0.276142 0.44976 0 -0.00563381 0.999984 0.0019897 0.299873 2 3 1 1 0
0 0 0.377793 0.392111 0 0.600375 0.799719 0.0019897 0.503335 2 3 1 1 0
0 -0.0998261 0.378085 0.348103 -0.526509 0.49821 0.688894 0.442452 0.522374 2 3 1 1 0
Pii_NYARUMAA_body
0 0 0.276142 0.44976 0 -0.00563381 0.999984 0.0019897 0.299873 2 3 1 1 0
0 0.112987 0.307187 0.3536 0.743677 0.0174641 0.668311 0.526785 0.325961 2 3 1 1 0
0 0.0998261 0.378085 0.348103 0.526509 0.49821 0.688894 0.442452 0.522374 2 3 1 1 0
Pii_NYARUMAA_body
0 0 0.276142 0.44976 0 -0.00563381 0.999984 0.0019897 0.299873 2 3 1 1 0
0 0.0998261 0.378085 0.348103 0.526509 0.49821 0.688894 0.442452 0.522374 2 3 1 1 0
0 0 0.377793 0.392111 0 0.600375 0.799719 0.0019897 0.503335 2 3 1 1 0
Pii_NYARUMAA_body
0 -0.100056 0.249382 0.350256 -0.640839 -0.555239 0.530127 0.449 0.163241 2 3 1 1 0
0 0 0.192415 0.347323 0 -0.916531 0.399964 0.122968 -0.00823656 2 3 1 1 0
0 0 0.225247 0.407127 0 -0.754419 0.656393 0.0019897 0.092261 2 3 1 1 0
Pii_NYARUMAA_body
0 -0.100056 0.249382 0.350256 -0.640839 -0.555239 0.530127 0.449 0.163241 2 3 1 1 0
0 -0.098672 0.190615 0.23708 -0.465882 -0.884756 0.0126835 0.442191 -0.035035 2 3 1 1 0
0 0 0.192415 0.347323 0 -0.916531 0.399964 0.122968 -0.00823656 2 3 1 1 0
Pii_NYARUMAA_body
0 0 0.225247 0.407127 0 -0.754419 0.656393 0.0019897 0.092261 2 3 1 1 0
0 0 0.192415 0.347323 0 -0.916531 0.399964 0.122968 -0.00823656 2 3 1 1 0
0 0.100056 0.249382 0.350256 0.640839 -0.555239 0.530127 0.449 0.163241 2 3 1 1 0
Pii_NYARUMAA_body
0 0 0.192415 0.347323 0 -0.916531 0.399964 0.122968 -0.00823656 2 3 1 1 0
0 0.098672 0.190615 0.23708 0.465882 -0.884756 0.0126835 0.442191 -0.035035 2 3 1 1 0
0 0.100056 0.249382 0.350256 0.640839 -0.555239 0.530127 0.449 0.163241 2 3 1 1 0
Pii_NYARUMAA_body
0 -0.132217 0.253618 0.132834 -0.453444 -0.603894 -0.655516 0.568646 0.418842 2 3 1 1 0
0 -0.24566 0.404858 0.13801 -0.994704 0.023438 0.100075 0.595233 0.45861 2 3 0.8 4 0.2
0 -0.185765 0.403265 0.0775449 -0.204646 -0.196228 -0.958965 0.574594 0.458191 2 3 0.8 4 0.2
Pii_NYARUMAA_body
0 -0.132217 0.253618 0.132834 -0.453444 -0.603894 -0.655516 0.568646 0.418842 2 3 1 1 0
0 -0.170626 0.253618 0.226967 -0.824999 -0.561804 0.0612663 0.579754 0.418842 2 3 1 1 0
0 -0.24566 0.404858 0.13801 -0.994704 0.023438 0.100075 0.595233 0.45861 2 3 0.8 4 0.2
Pii_NYARUMAA_body
0 -0.132217 0.253618 0.132834 -0.453444 -0.603894 -0.655516 0.568646 0.418842 2 3 1 1 0
0 -0.185765 0.403265 0.0775449 -0.204646 -0.196228 -0.958965 0.574594 0.458191 2 3 0.8 4 0.2
0 0 0.271101 0.0939451 0 -0.298739 -0.954335 0.53388 0.423439 2 3 1 1 0
Pii_NYARUMAA_body
0 -0.132217 0.253618 0.132834 -0.453444 -0.603894 -0.655516 0.568646 0.418842 2 3 1 1 0
0 -0.098672 0.190615 0.23708 -0.465882 -0.884756 0.0126835 0.559825 0.402276 2 3 1 1 0
0 -0.170626 0.253618 0.226967 -0.824999 -0.561804 0.0612663 0.579754 0.418842 2 3 1 1 0
Pii_NYARUMAA_body
0 -0.132217 0.253618 0.132834 -0.453444 -0.603894 -0.655516 0.568646 0.418842 2 3 1 1 0
0 0 0.271101 0.0939451 0 -0.298739 -0.954335 0.53388 0.423439 2 3 1 1 0
0 0 0.194198 0.149277 0 -0.817467 -0.575975 0.53388 0.403218 2 3 1 1 0
Pii_NYARUMAA_body
0 -0.132217 0.253618 0.132834 -0.453444 -0.603894 -0.655516 0.568646 0.418842 2 3 1 1 0
0 0 0.194198 0.149277 0 -0.817467 -0.575975 0.53388 0.403218 2 3 1 1 0
0 -0.098672 0.190615 0.23708 -0.465882 -0.884756 0.0126835 0.559825 0.402276 2 3 1 1 0
Pii_NYARUMAA_body
0 -0.185765 0.403265 0.0775449 -0.204646 -0.196228 -0.958965 0.574594 0.458191 2 3 0.8 4 0.2
0 0 0.389691 0.100388 0 0.15063 -0.98859 0.53388 0.454622 2 3 1 1 0
0 0 0.271101 0.0939451 0 -0.298739 -0.954335 0.53388 0.423439 2 3 1 1 0
Pii_NYARUMAA_body
0 -0.170626 0.253618 0.226967 -0.824999 -0.561804 0.0612663 0.579754 0.418842 2 3 1 1 0
0 -0.098672 0.190615 0.23708 -0.465882 -0.884756 0.0126835 0.559825 0.402276 2 3 1 1 0
0 -0.100056 0.249382 0.350256 -0.640839 -0.555239 0.530127 0.562168 0.417728 2 3 1 1 0
Pii_NYARUMAA_body
0 -0.170626 0.253618 0.226967 -0.824999 -0.561804 0.0612663 0.579754 0.418842 2 3 1 1 0
0 -0.100056 0.249382 0.350256 -0.640839 -0.555239 0.530127 0.562168 0.417728 2 3 1 1 0
0 -0.178149 0.324825 0.252164 -0.867069 -0.0886715 0.490234 0.585171 0.437565 2 3 1 1 0
Pii_NYARUMAA_body
0 0 0.194198 0.149277 0 -0.817467 -0.575975 0.53388 0.403218 2 3 1 1 0
0 0 0.271101 0.0939451 0 -0.298739 -0.954335 0.53388 0.423439 2 3 1 1 0
0 0.132217 0.253618 0.132834 0.453444 -0.603894 -0.655516 0.568646 0.418842 2 3 1 1 0
Pii_NYARUMAA_body
0 0 0.194198 0.149277 0 -0.817467 -0.575975 0.53388 0.403218 2 3 1 1 0
0 0 0.167554 0.23708 0 -0.999971 -0.00761674 0.53388 0.396212 2 3 1 1 0
0 -0.098672 0.190615 0.23708 -0.465882 -0.884756 0.0126835 0.559825 0.402276 2 3 1 1 0
Pii_NYARUMAA_body
0 0 0.194198 0.149277 0 -0.817467 -0.575975 0.53388 0.403218 2 3 1 1 0
0 0.132217 0.253618 0.132834 0.453444 -0.603894 -0.655516 0.568646 0.418842 2 3 1 1 0
0 0.098672 0.190615 0.23708 0.465882 -0.884756 0.0126835 0.559825 0.402276 2 3 1 1 0
Pii_NYARUMAA_body
0 0 0.194198 0.149277 0 -0.817467 -0.575975 0.53388 0.403218 2 3 1 1 0
0 0.098672 0.190615 0.23708 0.465882 -0.884756 0.0126835 0.559825 0.402276 2 3 1 1 0
0 0 0.167554 0.23708 0 -0.999971 -0.00761674 0.53388 0.396212 2 3 1 1 0
Pii_NYARUMAA_body
0 0 0.389691 0.100388 0 0.15063 -0.98859 0.53388 0.454622 2 3 1 1 0
0 0.185765 0.403265 0.0775449 0.204646 -0.196228 -0.958965 0.574594 0.458191 2 3 0.8 4 0.2
0 0 0.271101 0.0939451 0 -0.298739 -0.954335 0.53388 0.423439 2 3 1 1 0
Pii_NYARUMAA_body
0 0 0.271101 0.0939451 0 -0.298739 -0.954335 0.53388 0.423439 2 3 1 1 0
0 0.185765 0.403265 0.0775449 0.204646 -0.196228 -0.958965 0.574594 0.458191 2 3 0.8 4 0.2
0 0.132217 0.253618 0.132834 0.453444 -0.603894 -0.655516 0.568646 0.418842 2 3 1 1 0
Pii_NYARUMAA_body
0 -0.100056 0.249382 0.350256 -0.640839 -0.555239 0.530127 0.562168 0.417728 2 3 1 1 0
0 -0.112987 0.307187 0.3536 -0.743677 0.0174641 0.668311 0.565824 0.432928 2 3 1 1 0
0 -0.178149 0.324825 0.252164 -0.867069 -0.0886715 0.490234 0.585171 0.437565 2 3 1 1 0
Pii_NYARUMAA_body
0 -0.098672 0.190615 0.23708 -0.465882 -0.884756 0.0126835 0.559825 0.402276 2 3 1 1 0
0 0 0.167554 0.23708 0 -0.999971 -0.00761674 0.53388 0.396212 2 3 1 1 0
0 0 0.192415 0.347323 0 -0.916531 0.399964 0.53388 0.402749 2 3 1 1 0
Pii_NYARUMAA_body
0 0 0.192415 0.347323 0 -0.916531 0.399964 0.53388 0.402749 2 3 1 1 0
0 0 0.167554 0.23708 0 -0.999971 -0.00761674 0.53388 0.396212 2 3 1 1 0
0 0.098672 0.190615 0.23708 0.465882 -0.884756 0.0126835 0.559825 0.402276 2 3 1 1 0
Pii_NYARUMAA_body
