version 1
nodes
0 "ROOT" -1
1 "BODY" 0
2 "ARM" 1
3 "HEAD" 1
4 "LEG" 1
5 "TAIL" 1
end
skeleton
time 0
0 0 0 0 0 0 0
1 0 0.198242 0 0 0 0
2 0 0.0126154 0.0847033 0 0 0
3 0 0.0576703 0.154989 0 0 0
4 0 -0.108132 0 0 0 0
5 0 -0.0144176 -0.135165 0 0 0
end
triangles
Pii_TIGORASU_body.png
0 0.104926 0.238991 0.134947 0.0414866 0.573349 0.81826 0.846033 0.958284 1 1 1
0 0.141178 0.294635 0.0951647 -0.0423511 0.599178 0.799495 0.855821 0.96724 1 1 1
0 0.0812892 0.276191 0.105816 0.0848942 0.647201 0.757577 0.839651 0.964627 1 1 1
Pii_TIGORASU_body.png
0 0.104926 0.238991 0.134947 0.0414866 0.573349 0.81826 0.846033 0.958284 1 1 1
0 0.0812892 0.276191 0.105816 0.0848942 0.647201 0.757577 0.839651 0.964627 1 1 1
0 0.141178 0.294635 0.0951647 -0.0423511 0.599178 0.799495 0.855821 0.96724 1 1 1
Pii_TIGORASU_body.png
0 0.104926 0.238991 0.134947 0.0414866 0.573349 0.81826 0.846033 0.958284 1 1 1
0 0.0812892 0.276191 0.105816 0.0848942 0.647201 0.757577 0.839651 0.964627 1 1 1
0 0.0559813 0.282615 0.111422 0.19515 0.626073 0.75495 0.832818 0.96479 1 1 1
Pii_TIGORASU_body.png
0 0.104926 0.238991 0.134947 0.0414866 0.573349 0.81826 0.846033 0.958284 1 1 1
0 0.0559813 0.282615 0.111422 0.19515 0.626073 0.75495 0.832818 0.96479 1 1 1
0 0.0812892 0.276191 0.105816 0.0848942 0.647201 0.757577 0.839651 0.964627 1 1 1
Pii_TIGORASU_body.png
0 0.104926 0.238991 0.134947 0.0414866 0.573349 0.81826 0.846033 0.958284 1 1 1
0 0.0559813 0.282615 0.111422 0.19515 0.626073 0.75495 0.832818 0.96479 1 1 1
0 0.0875976 0.213276 0.152896 0.074303 0.536641 0.840533 0.841354 0.954161 1 1 1
Pii_TIGORASU_body.png
0 0.104926 0.238991 0.134947 0.0414866 0.573349 0.81826 0.846033 0.958284 1 1 1
0 0.0875976 0.213276 0.152896 0.074303 0.536641 0.840533 0.841354 0.954161 1 1 1
0 0.0559813 0.282615 0.111422 0.19515 0.626073 0.75495 0.832818 0.96479 1 1 1
Pii_TIGORASU_body.png
0 0 0.225508 -0.134684 0 0.832261 -0.554384 0.152077 0.916849 1 1 1
0 0 0.224726 -0.287181 0 -0.267499 -0.963558 0.192979 0.916744 1 5 1
0 -0.0656378 0.131152 -0.151413 -0.643425 -0.27597 -0.714034 0.156564 0.904195 1 1 1
Pii_TIGORASU_body.png
0 0 0.225508 -0.134684 0 0.832261 -0.554384 0.152077 0.916849 1 1 1
0 0.0656378 0.131152 -0.151413 0.643426 -0.27597 -0.714034 0.156564 0.904195 1 1 1
0 0 0.224726 -0.287181 0 -0.267499 -0.963558 0.192979 0.916744 1 5 1
Pii_TIGORASU_body.png
0 0 0.225508 -0.134684 0 0.832261 -0.554384 0.152077 0.916849 1 1 1
0 -0.0656378 0.131152 -0.151413 -0.643425 -0.27597 -0.714034 0.156564 0.904195 1 1 1
0 -0.0777133 0.181593 -0.0970525 -0.651504 0.548228 -0.524393 0.141984 0.91096 1 1 1
Pii_TIGORASU_body.png
0 0 0.225508 -0.134684 0 0.832261 -0.554384 0.152077 0.916849 1 1 1
0 0.0777133 0.181593 -0.0970525 0.651505 0.548228 -0.524393 0.141984 0.91096 1 1 1
0 0.0656378 0.131152 -0.151413 0.643426 -0.27597 -0.714034 0.156564 0.904195 1 1 1
Pii_TIGORASU_body.png
0 0 0.225508 -0.134684 0 0.832261 -0.554384 0.152077 0.916849 1 1 1
0 -0.0777133 0.181593 -0.0970525 -0.651504 0.548228 -0.524393 0.141984 0.91096 1 1 1
0 -0.0744149 0.289759 0.0217984 -0.700082 0.684346 -0.203853 0.110106 0.925465 1 1 1
Pii_TIGORASU_body.png
0 0 0.225508 -0.134684 0 0.832261 -0.554384 0.152077 0.916849 1 1 1
0 0.074415 0.289759 0.0217985 0.700082 0.684346 -0.203852 0.110106 0.925465 1 1 1
0 0.0777133 0.181593 -0.0970525 0.651505 0.548228 -0.524393 0.141984 0.91096 1 1 1
Pii_TIGORASU_body.png
0 0 0.225508 -0.134684 0 0.832261 -0.554384 0.152077 0.916849 1 1 1
0 -0.0744149 0.289759 0.0217984 -0.700082 0.684346 -0.203853 0.110106 0.925465 1 1 1
0 0 0.336639 -0.00472071 0 0.99209 -0.125527 0.117219 0.931752 1 1 1
Pii_TIGORASU_body.png
0 0 0.225508 -0.134684 0 0.832261 -0.554384 0.152077 0.916849 1 1 1
0 0 0.336639 -0.00472071 0 0.99209 -0.125527 0.117219 0.931752 1 1 1
0 0.074415 0.289759 0.0217985 0.700082 0.684346 -0.203852 0.110106 0.925465 1 1 1
Pii_TIGORASU_body.png
0 0 0.224726 -0.287181 0 -0.267499 -0.963558 0.192979 0.916744 1 5 1
0 0 0.110908 -0.151413 0 -0.87485 -0.484394 0.156564 0.90148 1 1 1
0 -0.0656378 0.131152 -0.151413 -0.643425 -0.27597 -0.714034 0.156564 0.904195 1 1 1
Pii_TIGORASU_body.png
0 0 0.224726 -0.287181 0 -0.267499 -0.963558 0.192979 0.916744 1 5 1
0 0.0656378 0.131152 -0.151413 0.643426 -0.27597 -0.714034 0.156564 0.904195 1 1 1
0 0 0.110908 -0.151413 0 -0.87485 -0.484394 0.156564 0.90148 1 1 1
Pii_TIGORASU_body.png
0 -0.0777133 0.181593 -0.0970525 -0.651504 0.548228 -0.524393 0.141984 0.91096 1 1 1
0 -0.122216 0.199163 -0.00577587 -0.963116 0.248205 0.103936 0.117502 0.913316 1 1 1
0 -0.0744149 0.289759 0.0217984 -0.700082 0.684346 -0.203853 0.110106 0.925465 1 1 1
Pii_TIGORASU_body.png
0 -0.0777133 0.181593 -0.0970525 -0.651504 0.548228 -0.524393 0.141984 0.91096 1 1 1
0 -0.0656378 0.131152 -0.151413 -0.643425 -0.27597 -0.714034 0.156564 0.904195 1 1 1
0 -0.181704 0.125007 -0.0224317 -0.969465 0.243739 -0.0270014 0.121969 0.903371 2 1 0.8 4 0.2
Pii_TIGORASU_body.png
0 -0.0777133 0.181593 -0.0970525 -0.651504 0.548228 -0.524393 0.141984 0.91096 1 1 1
0 -0.181704 0.125007 -0.0224317 -0.969465 0.243739 -0.0270014 0.121969 0.903371 2 1 0.8 4 0.2
0 -0.122216 0.199163 -0.00577587 -0.963116 0.248205 0.103936 0.117502 0.913316 1 1 1
Pii_TIGORASU_body.png
0 0.0777133 0.181593 -0.0970525 0.651505 0.548228 -0.524393 0.141984 0.91096 1 1 1
0 0.074415 0.289759 0.0217985 0.700082 0.684346 -0.203852 0.110106 0.925465 1 1 1
0 0.122216 0.199163 -0.00577585 0.963116 0.248205 0.103936 0.117502 0.913316 1 1 1
Pii_TIGORASU_body.png
0 0.0777133 0.181593 -0.0970525 0.651505 0.548228 -0.524393 0.141984 0.91096 1 1 1
0 0.181704 0.125007 -0.0224317 0.969465 0.243739 -0.0270011 0.121969 0.903371 2 1 0.8 4 0.2
0 0.0656378 0.131152 -0.151413 0.643426 -0.27597 -0.714034 0.156564 0.904195 1 1 1
Pii_TIGORASU_body.png
0 0.0777133 0.181593 -0.0970525 0.651505 0.548228 -0.524393 0.141984 0.91096 1 1 1
0 0.122216 0.199163 -0.00577585 0.963116 0.248205 0.103936 0.117502 0.913316 1 1 1
0 0.181704 0.125007 -0.0224317 0.969465 0.243739 -0.0270011 0.121969 0.903371 2 1 0.8 4 0.2
Pii_TIGORASU_body.png
0 0 0.336639 -0.00472071 0 0.99209 -0.125527 0.117219 0.931752 1 1 1
0 -0.0744149 0.289759 0.0217984 -0.700082 0.684346 -0.203853 0.110106 0.925465 1 1 1
0 -0.0437988 0.284622 0.144298 -0.382827 0.820291 0.424932 0.0772504 0.924776 1 1 1
Pii_TIGORASU_body.png
0 0 0.336639 -0.00472071 0 0.99209 -0.125527 0.117219 0.931752 1 1 1
0 0.0437988 0.284622 0.144298 0.382826 0.820291 0.424932 0.0772504 0.924776 1 1 1
0 0.074415 0.289759 0.0217985 0.700082 0.684346 -0.203852 0.110106 0.925465 1 1 1
Pii_TIGORASU_body.png
0 0 0.336639 -0.00472071 0 0.99209 -0.125527 0.117219 0.931752 1 1 1
0 -0.0437988 0.284622 0.144298 -0.382827 0.820291 0.424932 0.0772504 0.924776 1 1 1
0 0.0437988 0.284622 0.144298 0.382826 0.820291 0.424932 0.0772504 0.924776 1 1 1
Pii_TIGORASU_body.png
0 -0.122216 0.199163 -0.00577587 -0.963116 0.248205 0.103936 0.117502 0.913316 1 1 1
0 -0.121178 0.211813 0.0841883 -0.996294 -0.0414748 0.0753549 0.0933726 0.915012 1 1 1
0 -0.0744149 0.289759 0.0217984 -0.700082 0.684346 -0.203853 0.110106 0.925465 1 1 1
Pii_TIGORASU_body.png
0 -0.122216 0.199163 -0.00577587 -0.963116 0.248205 0.103936 0.117502 0.913316 1 1 1
0 -0.0532886 0.118009 0.098659 -0.398709 -0.834865 0.379514 0.0894914 0.902433 1 1 1
0 -0.121178 0.211813 0.0841883 -0.996294 -0.0414748 0.0753549 0.0933726 0.915012 1 1 1
Pii_TIGORASU_body.png
0 -0.0744149 0.289759 0.0217984 -0.700082 0.684346 -0.203853 0.110106 0.925465 1 1 1
0 -0.121178 0.211813 0.0841883 -0.996294 -0.0414748 0.0753549 0.0933726 0.915012 1 1 1
0 -0.0437988 0.284622 0.144298 -0.382827 0.820291 0.424932 0.0772504 0.924776 1 1 1
Pii_TIGORASU_body.png
0 0.122216 0.199163 -0.00577585 0.963116 0.248205 0.103936 0.117502 0.913316 1 1 1
0 0.074415 0.289759 0.0217985 0.700082 0.684346 -0.203852 0.110106 0.925465 1 1 1
0 0.121178 0.211813 0.0841883 0.996294 -0.0414754 0.0753549 0.0933726 0.915012 1 1 1
Pii_TIGORASU_body.png
0 0.122216 0.199163 -0.00577585 0.963116 0.248205 0.103936 0.117502 0.913316 1 1 1
0 0.121178 0.211813 0.0841883 0.996294 -0.0414754 0.0753549 0.0933726 0.915012 1 1 1
0 0.0532886 0.118009 0.098659 0.398709 -0.834865 0.379514 0.0894914 0.902433 1 1 1
Pii_TIGORASU_body.png
0 0.074415 0.289759 0.0217985 0.700082 0.684346 -0.203852 0.110106 0.925465 1 1 1
0 0.0437988 0.284622 0.144298 0.382826 0.820291 0.424932 0.0772504 0.924776 1 1 1
0 0.121178 0.211813 0.0841883 0.996294 -0.0414754 0.0753549 0.0933726 0.915012 1 1 1
Pii_TIGORASU_body.png
0 -0.121178 0.211813 0.0841883 -0.996294 -0.0414748 0.0753549 0.0933726 0.915012 1 1 1
0 -0.0875976 0.213276 0.152896 -0.621728 0.207003 0.755384 0.0749443 0.915209 1 1 1
0 -0.0437988 0.284622 0.144298 -0.382827 0.820291 0.424932 0.0772504 0.924776 1 1 1
Pii_TIGORASU_body.png
0 0.0437988 0.284622 0.144298 0.382826 0.820291 0.424932 0.0772504 0.924776 1 1 1
0 0.0875976 0.213276 0.152896 0.621727 0.207002 0.755384 0.0749443 0.915209 1 1 1
0 0.121178 0.211813 0.0841883 0.996294 -0.0414754 0.0753549 0.0933726 0.915012 1 1 1
Pii_TIGORASU_body.png
0 0.0437988 0.284622 0.144298 0.382826 0.820291 0.424932 0.0772504 0.924776 1 1 1
0 -0.0437988 0.284622 0.144298 -0.382827 0.820291 0.424932 0.0772504 0.924776 1 1 1
0 0 0.240937 0.205792 0 0.191451 0.981502 0.0607568 0.918918 1 1 1
Pii_TIGORASU_body.png
0 0.0437988 0.284622 0.144298 0.382826 0.820291 0.424932 0.0772504 0.924776 1 1 1
0 0 0.240937 0.205792 0 0.191451 0.981502 0.0607568 0.918918 1 1 1
0 0.0875976 0.213276 0.152896 0.621727 0.207002 0.755384 0.0749443 0.915209 1 1 1
Pii_TIGORASU_body.png
0 -0.0437988 0.284622 0.144298 -0.382827 0.820291 0.424932 0.0772504 0.924776 1 1 1
0 -0.0875976 0.213276 0.152896 -0.621728 0.207003 0.755384 0.0749443 0.915209 1 1 1
0 0 0.240937 0.205792 0 0.191451 0.981502 0.0607568 0.918918 1 1 1
Pii_TIGORASU_body.png
0 0.0875976 0.213276 0.152896 0.621727 0.207002 0.755384 0.0749443 0.915209 1 1 1
0 0 0.240937 0.205792 0 0.191451 0.981502 0.0607568 0.918918 1 1 1
0 0.0437988 0.141931 0.161494 -0.087773 -0.522177 0.848309 0.0726382 0.905641 1 1 1
Pii_TIGORASU_body.png
0 -0.0875976 0.213276 0.152896 -0.621728 0.207003 0.755384 0.0749443 0.915209 1 1 1
0 -0.0437988 0.141931 0.161494 0.0877727 -0.522177 0.848309 0.0726382 0.905641 1 1 1
0 0 0.240937 0.205792 0 0.191451 0.981502 0.0607568 0.918918 1 1 1
Pii_TIGORASU_body.png
0 0 0.0714376 -0.0285688 0 -0.982709 -0.185159 1.00001 0.506828 2 1 0.8 4 0.2
0 -0.130846 0 0 -0.239634 -0.96908 -0.0588242 0.634936 0.53521 2 0 0.55 1 0.45
0 -0.0656378 0.131152 -0.151413 -0.643425 -0.27597 -0.714034 0.838796 0.32506 1 1 1
Pii_TIGORASU_body.png
0 0 0.0714376 -0.0285688 0 -0.982709 -0.185159 1.00001 0.506828 2 1 0.8 4 0.2
0 -0.0679371 0.0652538 0.0682819 -0.365818 -0.539582 0.758307 0.834784 0.635205 2 1 0.8 4 0.2
0 -0.130846 0 0 -0.239634 -0.96908 -0.0588242 0.634936 0.53521 2 0 0.55 1 0.45
Pii_TIGORASU_body.png
0 0 0.0714376 -0.0285688 0 -0.982709 -0.185159 1.00001 0.506828 2 1 0.8 4 0.2
0 -0.0656378 0.131152 -0.151413 -0.643425 -0.27597 -0.714034 0.838796 0.32506 1 1 1
0 0 0.110908 -0.151413 0 -0.87485 -0.484394 1.00002 0.347075 1 1 1
Pii_TIGORASU_body.png
0 0 0.0714376 -0.0285688 0 -0.982709 -0.185159 1.00001 0.506828 2 1 0.8 4 0.2
0 0.067937 0.0652538 0.0682819 0.365818 -0.539582 0.758307 1.16519 0.635238 2 1 0.8 4 0.2
0 -0.0679371 0.0652538 0.0682819 -0.365818 -0.539582 0.758307 0.834784 0.635205 2 1 0.8 4 0.2
Pii_TIGORASU_body.png
0 0 0.0714376 -0.0285688 0 -0.982709 -0.185159 1.00001 0.506828 2 1 0.8 4 0.2
0 0 0.110908 -0.151413 0 -0.87485 -0.484394 1.00002 0.347075 1 1 1
0 0.0656378 0.131152 -0.151413 0.643426 -0.27597 -0.714034 1.16129 0.325067 1 1 1
Pii_TIGORASU_body.png
0 0 0.0714376 -0.0285688 0 -0.982709 -0.185159 1.00001 0.506828 2 1 0.8 4 0.2
0 0.130846 0 0 0.239634 -0.96908 -0.0588244 1.36505 0.535244 2 0 0.55 1 0.45
0 0.067937 0.0652538 0.0682819 0.365818 -0.539582 0.758307 1.16519 0.635238 2 1 0.8 4 0.2
Pii_TIGORASU_body.png
0 0 0.0714376 -0.0285688 0 -0.982709 -0.185159 1.00001 0.506828 2 1 0.8 4 0.2
0 0.0656378 0.131152 -0.151413 0.643426 -0.27597 -0.714034 1.16129 0.325067 1 1 1
0 0.130846 0 0 0.239634 -0.96908 -0.0588244 1.36505 0.535244 2 0 0.55 1 0.45
Pii_TIGORASU_body.png
0 -0.0679371 0.0652538 0.0682819 -0.365818 -0.539582 0.758307 0.834784 0.635205 2 1 0.8 4 0.2
0 0.067937 0.0652538 0.0682819 0.365818 -0.539582 0.758307 1.16519 0.635238 2 1 0.8 4 0.2
0 -0.0532886 0.118009 0.098659 -0.398709 -0.834865 0.379514 0.867462 0.708663 1 1 1
Pii_TIGORASU_body.png
0 0.067937 0.0652538 0.0682819 0.365818 -0.539582 0.758307 1.16519 0.635238 2 1 0.8 4 0.2
0 0.0532886 0.118009 0.098659 0.398709 -0.834865 0.379514 1.13237 0.70863 1 1 1
0 -0.0532886 0.118009 0.098659 -0.398709 -0.834865 0.379514 0.867462 0.708663 1 1 1
Pii_TIGORASU_body.png
0 0.0532886 0.118009 0.098659 0.398709 -0.834865 0.379514 1.13237 0.70863 1 1 1
0 -0.0437988 0.141931 0.161494 0.0877727 -0.522177 0.848309 0.891145 0.7898 1 1 1
0 -0.0532886 0.118009 0.098659 -0.398709 -0.834865 0.379514 0.867462 0.708663 1 1 1
Pii_TIGORASU_body.png
0 0.0532886 0.118009 0.098659 0.398709 -0.834865 0.379514 1.13237 0.70863 1 1 1
0 0.0437988 0.141931 0.161494 -0.087773 -0.522177 0.848309 1.10878 0.789727 1 1 1
0 -0.0437988 0.141931 0.161494 0.0877727 -0.522177 0.848309 0.891145 0.7898 1 1 1
Pii_TIGORASU_body.png
0 0.0437988 0.141931 0.161494 -0.087773 -0.522177 0.848309 1.10878 0.789727 1 1 1
0 0 0.240937 0.205792 0 0.191451 0.981502 1.00016 0.920946 1 1 1
0 -0.0437988 0.141931 0.161494 0.0877727 -0.522177 0.848309 0.891145 0.7898 1 1 1
Pii_TIGORASU_body.png
0 0.0862454 0.382088 0.0309778 0.022299 0.631232 0.775274 0.840989 0.981767 1 1 1
0 0.0559813 0.282615 0.111422 0.0804506 0.61186 0.786864 0.832818 0.96479 1 1 1
0 0.0812892 0.276191 0.105816 0.310277 0.538919 0.783131 0.839651 0.964627 1 1 1
Pii_TIGORASU_body.png
0 0.0862454 0.382088 0.0309778 0.022299 0.631232 0.775274 0.840989 0.981767 1 1 1
0 0 0.294022 0.100931 -0.0485893 0.64999 0.758388 0.817703 0.966789 1 1 1
0 0.0559813 0.282615 0.111422 0.0804506 0.61186 0.786864 0.832818 0.96479 1 1 1
Pii_TIGORASU_body.png
0 0.0862454 0.382088 0.0309778 0.022299 0.631232 0.775274 0.840989 0.981767 1 1 1
0 0.0812892 0.276191 0.105816 0.310277 0.538919 0.783131 0.839651 0.964627 1 1 1
0 0.0559813 0.282615 0.111422 0.0804506 0.61186 0.786864 0.832818 0.96479 1 1 1
Pii_TIGORASU_body.png
0 0.0862454 0.382088 0.0309778 0.022299 0.631232 0.775274 0.840989 0.981767 1 1 1
0 0 0.311328 0.0810567 -0.23101 0.733754 0.638936 0.817703 0.970306 1 1 1
0 0 0.294022 0.100931 -0.0485893 0.64999 0.758388 0.817703 0.966789 1 1 1
Pii_TIGORASU_body.png
0 0.0862454 0.382088 0.0309778 0.022299 0.631232 0.775274 0.840989 0.981767 1 1 1
0 0.0559813 0.282615 0.111422 0.0804506 0.61186 0.786864 0.832818 0.96479 1 1 1
0 0 0.294022 0.100931 -0.0485893 0.64999 0.758388 0.817703 0.966789 1 1 1
Pii_TIGORASU_body.png
0 0.0862454 0.382088 0.0309778 0.022299 0.631232 0.775274 0.840989 0.981767 1 1 1
0 0 0.294022 0.100931 -0.0485893 0.64999 0.758388 0.817703 0.966789 1 1 1
0 0 0.311328 0.0810567 -0.23101 0.733754 0.638936 0.817703 0.970306 1 1 1
Pii_TIGORASU_body.png
0 -0.0862454 0.382088 0.0309778 -0.022299 0.631232 0.775274 0.794416 0.981767 1 1 1
0 0 0.294022 0.100931 0.0485893 0.64999 0.758388 0.817703 0.966789 1 1 1
0 0 0.311328 0.0810567 0.23101 0.733754 0.638936 0.817703 0.970306 1 1 1
Pii_TIGORASU_body.png
0 -0.0862454 0.382088 0.0309778 -0.022299 0.631232 0.775274 0.794416 0.981767 1 1 1
0 -0.0559813 0.282615 0.111422 -0.0804506 0.61186 0.786864 0.802588 0.96479 1 1 1
0 0 0.294022 0.100931 0.0485893 0.64999 0.758388 0.817703 0.966789 1 1 1
Pii_TIGORASU_body.png
0 -0.0862454 0.382088 0.0309778 -0.022299 0.631232 0.775274 0.794416 0.981767 1 1 1
0 0 0.311328 0.0810567 0.23101 0.733754 0.638936 0.817703 0.970306 1 1 1
0 0 0.294022 0.100931 0.0485893 0.64999 0.758388 0.817703 0.966789 1 1 1
Pii_TIGORASU_body.png
0 -0.0862454 0.382088 0.0309778 -0.022299 0.631232 0.775274 0.794416 0.981767 1 1 1
0 -0.0812892 0.276191 0.105816 -0.310277 0.538919 0.783131 0.795755 0.964627 1 1 1
0 -0.0559813 0.282615 0.111422 -0.0804506 0.61186 0.786864 0.802588 0.96479 1 1 1
Pii_TIGORASU_body.png
0 -0.0862454 0.382088 0.0309778 -0.022299 0.631232 0.775274 0.794416 0.981767 1 1 1
0 0 0.294022 0.100931 0.0485893 0.64999 0.758388 0.817703 0.966789 1 1 1
0 -0.0559813 0.282615 0.111422 -0.0804506 0.61186 0.786864 0.802588 0.96479 1 1 1
Pii_TIGORASU_body.png
0 -0.0862454 0.382088 0.0309778 -0.022299 0.631232 0.775274 0.794416 0.981767 1 1 1
0 -0.0559813 0.282615 0.111422 -0.0804506 0.61186 0.786864 0.802588 0.96479 1 1 1
0 -0.0812892 0.276191 0.105816 -0.310277 0.538919 0.783131 0.795755 0.964627 1 1 1
Pii_TIGORASU_body.png
0 -0.104926 0.238991 0.134947 -0.0414866 0.573349 0.81826 0.789373 0.958284 1 1 1
0 -0.0812892 0.276191 0.105816 -0.0848942 0.647201 0.757577 0.795755 0.964627 1 1 1
0 -0.141178 0.294635 0.0951647 0.0423511 0.599178 0.799495 0.779585 0.96724 1 1 1
Pii_TIGORASU_body.png
0 -0.104926 0.238991 0.134947 -0.0414866 0.573349 0.81826 0.789373 0.958284 1 1 1
0 -0.0559813 0.282615 0.111422 -0.19515 0.626073 0.75495 0.802588 0.96479 1 1 1
0 -0.0812892 0.276191 0.105816 -0.0848942 0.647201 0.757577 0.795755 0.964627 1 1 1
Pii_TIGORASU_body.png
0 -0.104926 0.238991 0.134947 -0.0414866 0.573349 0.81826 0.789373 0.958284 1 1 1
0 -0.141178 0.294635 0.0951647 0.0423511 0.599178 0.799495 0.779585 0.96724 1 1 1
0 -0.0812892 0.276191 0.105816 -0.0848942 0.647201 0.757577 0.795755 0.964627 1 1 1
Pii_TIGORASU_body.png
0 -0.104926 0.238991 0.134947 -0.0414866 0.573349 0.81826 0.789373 0.958284 1 1 1
0 -0.0875976 0.213276 0.152896 -0.074303 0.536641 0.840533 0.794051 0.954161 1 1 1
0 -0.0559813 0.282615 0.111422 -0.19515 0.626073 0.75495 0.802588 0.96479 1 1 1
Pii_TIGORASU_body.png
0 -0.104926 0.238991 0.134947 -0.0414866 0.573349 0.81826 0.789373 0.958284 1 1 1
0 -0.0812892 0.276191 0.105816 -0.0848942 0.647201 0.757577 0.795755 0.964627 1 1 1
0 -0.0559813 0.282615 0.111422 -0.19515 0.626073 0.75495 0.802588 0.96479 1 1 1
Pii_TIGORASU_body.png
0 -0.104926 0.238991 0.134947 -0.0414866 0.573349 0.81826 0.789373 0.958284 1 1 1
0 -0.0559813 0.282615 0.111422 -0.19515 0.626073 0.75495 0.802588 0.96479 1 1 1
0 -0.0875976 0.213276 0.152896 -0.074303 0.536641 0.840533 0.794051 0.954161 1 1 1
Pii_TIGORASU_body.png
0 0 0.46377 0.381263 0 0.863246 0.504784 0 0.561851 1 3 1
0 0.144734 0.482983 0.328057 0.630457 0.764224 0.135961 0.370616 0.634122 1 3 1
0 0 0.509404 0.326364 0 0.99998 0.0063292 0 0.64281 1 3 1
Pii_TIGORASU_body.png
0 0 0.46377 0.381263 0 0.863246 0.504784 0 0.561851 1 3 1
0 0.108669 0.422038 0.438843 0.595243 0.659935 0.458446 0.284024 0.484031 1 3 1
0 0.144734 0.482983 0.328057 0.630457 0.764224 0.135961 0.370616 0.634122 1 3 1
Pii_TIGORASU_body.png
0 0 0.46377 0.381263 0 0.863246 0.504784 0 0.561851 1 3 1
0 0 0.509404 0.326364 0 0.99998 0.0063292 0 0.64281 1 3 1
0 -0.144734 0.482983 0.328057 -0.630457 0.764224 0.135961 -0.371674 0.634122 1 3 1
Pii_TIGORASU_body.png
0 0 0.46377 0.381263 0 0.863246 0.504784 0 0.561851 1 3 1
0 0.0818351 0.368251 0.569175 0.387112 0.670496 0.632913 0.184644 0.322709 1 3 1
0 0.108669 0.422038 0.438843 0.595243 0.659935 0.458446 0.284024 0.484031 1 3 1
Pii_TIGORASU_body.png
0 0 0.46377 0.381263 0 0.863246 0.504784 0 0.561851 1 3 1
0 -0.144734 0.482983 0.328057 -0.630457 0.764224 0.135961 -0.371674 0.634122 1 3 1
0 -0.108669 0.422038 0.438843 -0.595268 0.659894 0.458471 -0.285056 0.484031 1 3 1
Pii_TIGORASU_body.png
0 0 0.46377 0.381263 0 0.863246 0.504784 0 0.561851 1 3 1
0 -0.0818351 0.368251 0.569175 -0.396502 0.67892 0.617944 -0.185599 0.322709 1 3 1
0 0.0818351 0.368251 0.569175 0.387112 0.670496 0.632913 0.184644 0.322709 1 3 1
Pii_TIGORASU_body.png
0 0 0.46377 0.381263 0 0.863246 0.504784 0 0.561851 1 3 1
0 -0.108669 0.422038 0.438843 -0.595268 0.659894 0.458471 -0.285056 0.484031 1 3 1
0 -0.0818351 0.368251 0.569175 -0.396502 0.67892 0.617944 -0.185599 0.322709 1 3 1
Pii_TIGORASU_body.png
0 0.144734 0.482983 0.328057 0.630457 0.764224 0.135961 0.370616 0.634122 1 3 1
0 0.138507 0.449438 0.200543 0.535423 0.669334 -0.515088 0.307947 0.789455 1 3 1
0 0 0.509404 0.326364 0 0.99998 0.0063292 0 0.64281 1 3 1
Pii_TIGORASU_body.png
0 0.144734 0.482983 0.328057 0.630457 0.764224 0.135961 0.370616 0.634122 1 3 1
0 0.185373 0.351976 0.287685 0.973675 0.225312 0.0345219 0.612646 0.765665 1 3 1
0 0.138507 0.449438 0.200543 0.535423 0.669334 -0.515088 0.307947 0.789455 1 3 1
Pii_TIGORASU_body.png
0 0.108669 0.422038 0.438843 0.595243 0.659935 0.458446 0.284024 0.484031 1 3 1
0 0.0818351 0.368251 0.569175 0.387112 0.670496 0.632913 0.184644 0.322709 1 3 1
0 0.149156 0.259486 0.4929 0.891276 0.258599 0.372496 0.488595 0.280027 1 3 1
Pii_TIGORASU_body.png
0 -0.144734 0.482983 0.328057 -0.630457 0.764224 0.135961 -0.371674 0.634122 1 3 1
0 0 0.509404 0.326364 0 0.99998 0.0063292 0 0.64281 1 3 1
0 -0.138507 0.449438 0.200543 -0.535423 0.669334 -0.515088 -0.309035 0.789455 1 3 1
Pii_TIGORASU_body.png
0 -0.144734 0.482983 0.328057 -0.630457 0.764224 0.135961 -0.371674 0.634122 1 3 1
0 -0.138507 0.449438 0.200543 -0.535423 0.669334 -0.515088 -0.309035 0.789455 1 3 1
0 -0.185373 0.351976 0.287685 -0.973675 0.225312 0.0345219 -0.613724 0.765665 1 3 1
Pii_TIGORASU_body.png
0 -0.108669 0.422038 0.438843 -0.595268 0.659894 0.458471 -0.285056 0.484031 1 3 1
0 -0.149129 0.259474 0.492882 -0.891307 0.258446 0.372528 -0.489549 0.280027 1 3 1
0 -0.0818351 0.368251 0.569175 -0.396502 0.67892 0.617944 -0.185599 0.322709 1 3 1
Pii_TIGORASU_body.png
0 0.185373 0.351976 0.287685 0.973675 0.225312 0.0345219 0.612646 0.765665 1 3 1
0 0.17894 0.304601 0.194502 0.837513 -0.0218932 -0.545979 0.569224 0.894691 1 3 1
0 0.138507 0.449438 0.200543 0.535423 0.669334 -0.515088 0.307947 0.789455 1 3 1
Pii_TIGORASU_body.png
0 0.0818351 0.368251 0.569175 0.387112 0.670496 0.632913 0.184644 0.322709 1 3 1
0 0.0599832 0.295494 0.587695 0.31247 -0.00274344 0.949924 0.150352 0.230309 1 3 1
0 0.149156 0.259486 0.4929 0.891276 0.258599 0.372496 0.488595 0.280027 1 3 1
Pii_TIGORASU_body.png
0 0.0818351 0.368251 0.569175 0.387112 0.670496 0.632913 0.184644 0.322709 1 3 1
0 -0.0818351 0.368251 0.569175 -0.396502 0.67892 0.617944 -0.185599 0.322709 1 3 1
0 -0.0599832 0.295494 0.587695 -0.340128 -0.0268623 0.939995 -0.151306 0.230309 1 3 1
Pii_TIGORASU_body.png
0 0.0818351 0.368251 0.569175 0.387112 0.670496 0.632913 0.184644 0.322709 1 3 1
0 -0.0599832 0.295494 0.587695 -0.340128 -0.0268623 0.939995 -0.151306 0.230309 1 3 1
0 0.0599832 0.295494 0.587695 0.31247 -0.00274344 0.949924 0.150352 0.230309 1 3 1
Pii_TIGORASU_body.png
0 -0.0599832 0.295494 0.587695 -0.340128 -0.0268623 0.939995 -0.151306 0.230309 1 3 1
0 -0.0818351 0.368251 0.569175 -0.396502 0.67892 0.617944 -0.185599 0.322709 1 3 1
0 -0.149129 0.259474 0.492882 -0.891307 0.258446 0.372528 -0.489549 0.280027 1 3 1
Pii_TIGORASU_body.png
0 0 0.509404 0.326364 0 0.99998 0.0063292 0 0.64281 1 3 1
0 0 0.458233 0.174522 0 0.782212 -0.623013 0 0.842243 1 3 1
0 -0.138507 0.449438 0.200543 -0.535423 0.669334 -0.515088 -0.309035 0.789455 1 3 1
Pii_TIGORASU_body.png
0 0 0.509404 0.326364 0 0.99998 0.0063292 0 0.64281 1 3 1
0 0.138507 0.449438 0.200543 0.535423 0.669334 -0.515088 0.307947 0.789455 1 3 1
0 0 0.458233 0.174522 0 0.782212 -0.623013 0 0.842243 1 3 1
Pii_TIGORASU_body.png
0 -0.185373 0.351976 0.287685 -0.973675 0.225312 0.0345219 -0.613724 0.765665 1 3 1
0 -0.138507 0.449438 0.200543 -0.535423 0.669334 -0.515088 -0.309035 0.789455 1 3 1
0 -0.17894 0.304601 0.194502 -0.837513 -0.0218932 -0.545979 -0.570354 0.894691 1 3 1
Pii_TIGORASU_body.png
0 0.128278 0.141847 0.424551 0.604027 -0.748617 0.273358 0.364563 0.0383468 1 3 1
0 0.149156 0.259486 0.4929 0.828553 -0.383868 0.407609 0.19369 0.185396 1 3 1
0 0.0910376 0.246721 0.548918 0.435213 -0.577705 0.690541 0.0536439 0.169439 1 3 1
Pii_TIGORASU_body.png
0 0.128278 0.141847 0.424551 0.604027 -0.748617 0.273358 0.364563 0.0383468 1 3 1
0 0.195872 0.259316 0.322798 0.982397 -0.156083 0.102632 0.618945 0.185184 1 3 1
0 0.149156 0.259486 0.4929 0.828553 -0.383868 0.407609 0.19369 0.185396 1 3 1
Pii_TIGORASU_body.png
0 0.128278 0.141847 0.424551 0.604027 -0.748617 0.273358 0.364563 0.0383468 1 3 1
0 0.0910376 0.246721 0.548918 0.435213 -0.577705 0.690541 0.0536439 0.169439 1 3 1
0 0 0.157035 0.516145 0 -0.7675 0.641048 0.135577 0.0573316 1 3 1
Pii_TIGORASU_body.png
0 0.128278 0.141847 0.424551 0.604027 -0.748617 0.273358 0.364563 0.0383468 1 3 1
0 0.173392 0.211116 0.293867 0.820307 -0.54086 -0.185921 0.691274 0.124933 1 3 1
0 0.195872 0.259316 0.322798 0.982397 -0.156083 0.102632 0.618945 0.185184 1 3 1
Pii_TIGORASU_body.png
0 0.128278 0.141847 0.424551 0.604027 -0.748617 0.273358 0.364563 0.0383468 1 3 1
0 0 0.157035 0.516145 0 -0.7675 0.641048 0.135577 0.0573316 1 3 1
0 0 0.111169 0.403255 0 -0.997961 0.0638244 0.417803 0.00337955 1 3 1
Pii_TIGORASU_body.png
0 0.128278 0.141847 0.424551 0.604027 -0.748617 0.273358 0.364563 0.0383468 1 3 1
0 0.109393 0.150945 0.289601 0.384934 -0.893137 -0.232662 0.701938 0.04972 1 3 1
0 0.173392 0.211116 0.293867 0.820307 -0.54086 -0.185921 0.691274 0.124933 1 3 1
Pii_TIGORASU_body.png
0 0.128278 0.141847 0.424551 0.604027 -0.748617 0.273358 0.364563 0.0383468 1 3 1
0 0 0.111169 0.403255 0 -0.997961 0.0638244 0.417803 0.00337955 1 3 1
0 0.109393 0.150945 0.289601 0.384934 -0.893137 -0.232662 0.701938 0.04972 1 3 1
Pii_TIGORASU_body.png
0 0.0910376 0.246721 0.548918 0.435213 -0.577705 0.690541 0.0536439 0.169439 1 3 1
0 0 0.245142 0.570376 0 -0.524172 0.851613 0 0.167466 1 3 1
0 0 0.157035 0.516145 0 -0.7675 0.641048 0.135577 0.0573316 1 3 1
Pii_TIGORASU_body.png
0 0.195872 0.259316 0.322798 0.982397 -0.156083 0.102632 0.618945 0.185184 1 3 1
0 0.173392 0.211116 0.293867 0.820307 -0.54086 -0.185921 0.691274 0.124933 1 3 1
0 0.17894 0.304601 0.194502 0.837513 -0.0218932 -0.545979 0.939685 0.24179 1 3 1
Pii_TIGORASU_body.png
0 0.195872 0.259316 0.322798 0.982397 -0.156083 0.102632 0.618945 0.185184 1 3 1
0 0.17894 0.304601 0.194502 0.837513 -0.0218932 -0.545979 0.939685 0.24179 1 3 1
0 0.185373 0.351976 0.287685 0.973675 0.225312 0.0345219 0.706728 0.301008 1 3 1
Pii_TIGORASU_body.png
0 0.195872 0.259316 0.322798 0.982397 -0.156083 0.102632 0.618945 0.185184 1 3 1
0 0.185373 0.351976 0.287685 0.973675 0.225312 0.0345219 0.706728 0.301008 1 3 1
0 0.16466 0.296834 0.394487 0.9172 0.264721 0.297768 0.439723 0.232081 1 3 1
Pii_TIGORASU_body.png
0 0.195872 0.259316 0.322798 0.982397 -0.156083 0.102632 0.618945 0.185184 1 3 1
0 0.16466 0.296834 0.394487 0.9172 0.264721 0.297768 0.439723 0.232081 1 3 1
0 0.149156 0.259486 0.4929 0.891276 0.258599 0.372496 0.19369 0.185396 1 3 1
Pii_TIGORASU_body.png
0 0 0.111169 0.403255 0 -0.997961 0.0638244 0.417803 0.00337955 1 3 1
0 0 0.147566 0.216563 0 -0.914165 -0.405342 0.884531 0.045496 1 3 1
0 0.109393 0.150945 0.289601 0.384934 -0.893137 -0.232662 0.701938 0.04972 1 3 1
Pii_TIGORASU_body.png
0 0 0.111169 0.403255 0 -0.997961 0.0638244 0.417803 0.00337955 1 3 1
0 0 0.157035 0.516145 0 -0.7675 0.641048 0.135577 0.0573316 1 3 1
0 -0.128278 0.141847 0.424551 -0.604031 -0.748601 0.273391 0.364563 0.0383468 1 3 1
Pii_TIGORASU_body.png
0 0 0.111169 0.403255 0 -0.997961 0.0638244 0.417803 0.00337955 1 3 1
0 -0.109393 0.150945 0.289601 -0.384934 -0.893137 -0.232662 0.701938 0.04972 1 3 1
0 0 0.147566 0.216563 0 -0.914165 -0.405342 0.884531 0.045496 1 3 1
Pii_TIGORASU_body.png
0 0 0.111169 0.403255 0 -0.997961 0.0638244 0.417803 0.00337955 1 3 1
0 -0.128278 0.141847 0.424551 -0.604031 -0.748601 0.273391 0.364563 0.0383468 1 3 1
0 -0.109393 0.150945 0.289601 -0.384934 -0.893137 -0.232662 0.701938 0.04972 1 3 1
Pii_TIGORASU_body.png
0 0 0.245142 0.570376 0 -0.524172 0.851613 0 0.167466 1 3 1
0 -0.0910376 0.246721 0.548918 -0.435245 -0.577679 0.690542 0.0536439 0.169439 1 3 1
0 0 0.157035 0.516145 0 -0.7675 0.641048 0.135577 0.0573316 1 3 1
Pii_TIGORASU_body.png
0 0 0.157035 0.516145 0 -0.7675 0.641048 0.135577 0.0573316 1 3 1
0 -0.0910376 0.246721 0.548918 -0.435245 -0.577679 0.690542 0.0536439 0.169439 1 3 1
0 -0.128278 0.141847 0.424551 -0.604031 -0.748601 0.273391 0.364563 0.0383468 1 3 1
Pii_TIGORASU_body.png
0 0.173392 0.211116 0.293867 0.820307 -0.54086 -0.185921 0.691274 0.124933 1 3 1
0 0.119935 0.211137 0.173144 0.515458 -0.563189 -0.645849 0.99308 0.12496 1 3 1
0 0.17894 0.304601 0.194502 0.837513 -0.0218932 -0.545979 0.939685 0.24179 1 3 1
Pii_TIGORASU_body.png
0 0.173392 0.211116 0.293867 0.820307 -0.54086 -0.185921 0.691274 0.124933 1 3 1
0 0.109393 0.150945 0.289601 0.384934 -0.893137 -0.232662 0.701938 0.04972 1 3 1
0 0.119935 0.211137 0.173144 0.515458 -0.563189 -0.645849 0.99308 0.12496 1 3 1
Pii_TIGORASU_body.png
0 0.119935 0.211137 0.173144 0.515458 -0.563189 -0.645849 0.99308 0.12496 1 3 1
0 0.109393 0.150945 0.289601 0.384934 -0.893137 -0.232662 0.701938 0.04972 1 3 1
0 0 0.147566 0.216563 0 -0.914165 -0.405342 0.884531 0.045496 1 3 1
Pii_TIGORASU_body.png
0 -0.109393 0.150945 0.289601 -0.384934 -0.893137 -0.232662 0.701938 0.04972 1 3 1
0 -0.128278 0.141847 0.424551 -0.604031 -0.748601 0.273391 0.364563 0.0383468 1 3 1
0 -0.173392 0.211116 0.293867 -0.820307 -0.54086 -0.185921 0.691274 0.124933 1 3 1
Pii_TIGORASU_body.png
0 -0.109393 0.150945 0.289601 -0.384934 -0.893137 -0.232662 0.701938 0.04972 1 3 1
0 -0.119935 0.211137 0.173144 -0.515458 -0.563189 -0.645849 0.99308 0.12496 1 3 1
0 0 0.147566 0.216563 0 -0.914165 -0.405342 0.884531 0.045496 1 3 1
Pii_TIGORASU_body.png
0 -0.109393 0.150945 0.289601 -0.384934 -0.893137 -0.232662 0.701938 0.04972 1 3 1
0 -0.173392 0.211116 0.293867 -0.820307 -0.54086 -0.185921 0.691274 0.124933 1 3 1
0 -0.119935 0.211137 0.173144 -0.515458 -0.563189 -0.645849 0.99308 0.12496 1 3 1
Pii_TIGORASU_body.png
0 -0.0910376 0.246721 0.548918 -0.435245 -0.577679 0.690542 0.0536439 0.169439 1 3 1
0 -0.149129 0.259474 0.492882 -0.828629 -0.383683 0.407629 0.193734 0.18538 1 3 1
0 -0.128278 0.141847 0.424551 -0.604031 -0.748601 0.273391 0.364563 0.0383468 1 3 1
Pii_TIGORASU_body.png
0 -0.173392 0.211116 0.293867 -0.820307 -0.54086 -0.185921 0.691274 0.124933 1 3 1
0 -0.17894 0.304601 0.194502 -0.837513 -0.0218932 -0.545979 0.939685 0.24179 1 3 1
0 -0.119935 0.211137 0.173144 -0.515458 -0.563189 -0.645849 0.99308 0.12496 1 3 1
Pii_TIGORASU_body.png
0 -0.173392 0.211116 0.293867 -0.820307 -0.54086 -0.185921 0.691274 0.124933 1 3 1
0 -0.128278 0.141847 0.424551 -0.604031 -0.748601 0.273391 0.364563 0.0383468 1 3 1
0 -0.195872 0.259316 0.322798 -0.982399 -0.156047 0.102673 0.618945 0.185184 1 3 1
Pii_TIGORASU_body.png
0 -0.173392 0.211116 0.293867 -0.820307 -0.54086 -0.185921 0.691274 0.124933 1 3 1
0 -0.195872 0.259316 0.322798 -0.982399 -0.156047 0.102673 0.618945 0.185184 1 3 1
0 -0.17894 0.304601 0.194502 -0.837513 -0.0218932 -0.545979 0.939685 0.24179 1 3 1
Pii_TIGORASU_body.png
0 -0.128278 0.141847 0.424551 -0.604031 -0.748601 0.273391 0.364563 0.0383468 1 3 1
0 -0.149129 0.259474 0.492882 -0.828629 -0.383683 0.407629 0.193734 0.18538 1 3 1
0 -0.195872 0.259316 0.322798 -0.982399 -0.156047 0.102673 0.618945 0.185184 1 3 1
Pii_TIGORASU_body.png
0 -0.17894 0.304601 0.194502 -0.837513 -0.0218932 -0.545979 0.939685 0.24179 1 3 1
0 -0.195872 0.259316 0.322798 -0.982399 -0.156047 0.102673 0.618945 0.185184 1 3 1
0 -0.185373 0.351976 0.287685 -0.973675 0.225312 0.0345219 0.706728 0.301008 1 3 1
Pii_TIGORASU_body.png
0 -0.195872 0.259316 0.322798 -0.982399 -0.156047 0.102673 0.618945 0.185184 1 3 1
0 -0.16466 0.296834 0.394487 -0.917191 0.264605 0.297902 0.439723 0.232081 1 3 1
0 -0.185373 0.351976 0.287685 -0.973675 0.225312 0.0345219 0.706728 0.301008 1 3 1
Pii_TIGORASU_body.png
0 -0.195872 0.259316 0.322798 -0.982399 -0.156047 0.102673 0.618945 0.185184 1 3 1
0 -0.149129 0.259474 0.492882 -0.891307 0.258446 0.372528 0.193734 0.18538 1 3 1
0 -0.16466 0.296834 0.394487 -0.917191 0.264605 0.297902 0.439723 0.232081 1 3 1
Pii_TIGORASU_body.png
0 0.074124 0.338754 0.113205 0.306264 0.174585 -0.9358 0.105442 0.974907 1 3 1
0 0.138507 0.449438 0.200543 0.535423 0.669334 -0.515088 0.0905276 0.984358 1 3 1
0 0.17894 0.304601 0.194502 0.837513 -0.0218932 -0.545979 0.0915592 0.971991 1 3 1
Pii_TIGORASU_body.png
0 0.074124 0.338754 0.113205 0.306264 0.174585 -0.9358 0.105442 0.974907 1 3 1
0 0 0.458233 0.174522 0 0.782212 -0.623013 0.094971 0.985109 1 3 1
0 0.138507 0.449438 0.200543 0.535423 0.669334 -0.515088 0.0905276 0.984358 1 3 1
Pii_TIGORASU_body.png
0 0.074124 0.338754 0.113205 0.306264 0.174585 -0.9358 0.105442 0.974907 1 3 1
0 0.17894 0.304601 0.194502 0.837513 -0.0218932 -0.545979 0.0915592 0.971991 1 3 1
0 0.119935 0.211137 0.173144 0.515458 -0.563189 -0.645849 0.0952064 0.964011 1 3 1
Pii_TIGORASU_body.png
0 0.074124 0.338754 0.113205 0.306264 0.174585 -0.9358 0.105442 0.974907 1 3 1
0 -0.074124 0.338754 0.113205 -0.306264 0.174585 -0.9358 0.105442 0.974907 1 3 1
0 0 0.458233 0.174522 0 0.782212 -0.623013 0.094971 0.985109 1 3 1
Pii_TIGORASU_body.png
0 0.074124 0.338754 0.113205 0.306264 0.174585 -0.9358 0.105442 0.974907 1 3 1
0 0.119935 0.211137 0.173144 0.515458 -0.563189 -0.645849 0.0952064 0.964011 1 3 1
0 0 0.228129 0.117655 0 -0.458202 -0.888848 0.104682 0.965462 1 3 1
Pii_TIGORASU_body.png
0 0.074124 0.338754 0.113205 0.306264 0.174585 -0.9358 0.105442 0.974907 1 3 1
0 0 0.228129 0.117655 0 -0.458202 -0.888848 0.104682 0.965462 1 3 1
0 -0.074124 0.338754 0.113205 -0.306264 0.174585 -0.9358 0.105442 0.974907 1 3 1
Pii_TIGORASU_body.png
0 0 0.458233 0.174522 0 0.782212 -0.623013 0.094971 0.985109 1 3 1
0 -0.074124 0.338754 0.113205 -0.306264 0.174585 -0.9358 0.105442 0.974907 1 3 1
0 -0.138507 0.449438 0.200543 -0.535423 0.669334 -0.515088 0.0905276 0.984358 1 3 1
Pii_TIGORASU_body.png
0 0.119935 0.211137 0.173144 0.515458 -0.563189 -0.645849 0.0952064 0.964011 1 3 1
0 0 0.147566 0.216563 0 -0.914165 -0.405342 0.0877918 0.958583 1 3 1
0 0 0.228129 0.117655 0 -0.458202 -0.888848 0.104682 0.965462 1 3 1
Pii_TIGORASU_body.png
0 -0.074124 0.338754 0.113205 -0.306264 0.174585 -0.9358 0.105442 0.974907 1 3 1
0 -0.17894 0.304601 0.194502 -0.837513 -0.0218932 -0.545979 0.0915592 0.971991 1 3 1
0 -0.138507 0.449438 0.200543 -0.535423 0.669334 -0.515088 0.0905276 0.984358 1 3 1
Pii_TIGORASU_body.png
0 -0.074124 0.338754 0.113205 -0.306264 0.174585 -0.9358 0.105442 0.974907 1 3 1
0 0 0.228129 0.117655 0 -0.458202 -0.888848 0.104682 0.965462 1 3 1
0 -0.119935 0.211137 0.173144 -0.515458 -0.563189 -0.645849 0.0952064 0.964011 1 3 1
Pii_TIGORASU_body.png
0 -0.074124 0.338754 0.113205 -0.306264 0.174585 -0.9358 0.105442 0.974907 1 3 1
0 -0.119935 0.211137 0.173144 -0.515458 -0.563189 -0.645849 0.0952064 0.964011 1 3 1
0 -0.17894 0.304601 0.194502 -0.837513 -0.0218932 -0.545979 0.0915592 0.971991 1 3 1
Pii_TIGORASU_body.png
0 -0.119935 0.211137 0.173144 -0.515458 -0.563189 -0.645849 0.0952064 0.964011 1 3 1
0 0 0.228129 0.117655 0 -0.458202 -0.888848 0.104682 0.965462 1 3 1
0 0 0.147566 0.216563 0 -0.914165 -0.405342 0.0877918 0.958583 1 3 1
Pii_TIGORASU_body.png
0 -0.0781751 0.0924145 0.165954 -0.464856 -0.622214 0.629888 0.621814 0.511067 1 2 1
0 -0.0532886 0.118009 0.098659 -0.398709 -0.834865 0.379514 0.680003 0.425902 1 1 1
0 -0.0437988 0.141931 0.161494 0.0877727 -0.522177 0.848309 0.533668 0.467252 1 1 1
Pii_TIGORASU_body.png
0 -0.0781751 0.0924145 0.165954 -0.464856 -0.622214 0.629888 0.621814 0.511067 1 2 1
0 -0.121178 0.211813 0.0841883 -0.996294 -0.0414748 0.0753549 0.522636 0.337106 1 1 1
0 -0.0532886 0.118009 0.098659 -0.398709 -0.834865 0.379514 0.680003 0.425902 1 1 1
Pii_TIGORASU_body.png
0 -0.0781751 0.0924145 0.165954 -0.464856 -0.622214 0.629888 0.621814 0.511067 1 2 1
0 -0.0437988 0.141931 0.161494 0.0877727 -0.522177 0.848309 0.533668 0.467252 1 1 1
0 -0.0875976 0.213276 0.152896 -0.621728 0.207003 0.755384 0.410133 0.402032 1 1 1
Pii_TIGORASU_body.png
0 -0.0781751 0.0924145 0.165954 -0.464856 -0.622214 0.629888 0.621814 0.511067 1 2 1
0 -0.0875976 0.213276 0.152896 -0.621728 0.207003 0.755384 0.410133 0.402032 1 1 1
0 -0.121178 0.211813 0.0841883 -0.996294 -0.0414748 0.0753549 0.522636 0.337106 1 1 1
Pii_TIGORASU_body.png
0 0.0781751 0.0924145 0.165954 0.464856 -0.622214 0.629888 0.621814 0.511067 1 2 1
0 0.121178 0.211813 0.0841883 0.996294 -0.0414754 0.0753549 0.522636 0.337106 1 1 1
0 0.0875976 0.213276 0.152896 0.621727 0.207002 0.755384 0.410133 0.402032 1 1 1
Pii_TIGORASU_body.png
0 0.0781751 0.0924145 0.165954 0.464856 -0.622214 0.629888 0.621814 0.511067 1 2 1
0 0.0532886 0.118009 0.098659 0.398709 -0.834865 0.379514 0.680003 0.425902 1 1 1
0 0.121178 0.211813 0.0841883 0.996294 -0.0414754 0.0753549 0.522636 0.337106 1 1 1
Pii_TIGORASU_body.png
0 0.0781751 0.0924145 0.165954 0.464856 -0.622214 0.629888 0.621814 0.511067 1 2 1
0 0.0875976 0.213276 0.152896 0.621727 0.207002 0.755384 0.410133 0.402032 1 1 1
0 0.0437988 0.141931 0.161494 -0.087773 -0.522177 0.848309 0.533668 0.467252 1 1 1
Pii_TIGORASU_body.png
0 0.0781751 0.0924145 0.165954 0.464856 -0.622214 0.629888 0.621814 0.511067 1 2 1
0 0.0437988 0.141931 0.161494 -0.087773 -0.522177 0.848309 0.533668 0.467252 1 1 1
0 0.0532886 0.118009 0.098659 0.398709 -0.834865 0.379514 0.680003 0.425902 1 1 1
Pii_TIGORASU_body.png
0 0 0.277772 -0.250284 0 0.7561 0.654456 0.962162 0.972288 1 5 1
0 -0.0055465 0.21537 -0.259769 -0.990492 0.102058 -0.0922458 0.968457 0.951579 1 5 1
0 0 0.21537 -0.194353 0 0.66744 0.744664 0.925038 0.951579 1 5 1
Pii_TIGORASU_body.png
0 0 0.277772 -0.250284 0 0.7561 0.654456 0.962162 0.972288 1 5 1
0 0.0055465 0.21537 -0.259769 0.990492 0.102058 -0.0922457 0.968457 0.951579 1 5 1
0 -0.0055465 0.21537 -0.259769 -0.990492 0.102058 -0.0922458 0.968457 0.951579 1 5 1
Pii_TIGORASU_body.png
0 0 0.277772 -0.250284 0 0.7561 0.654456 0.962162 0.972288 1 5 1
0 0 0.21537 -0.194353 0 0.66744 0.744664 0.925038 0.951579 1 5 1
0 0.0055465 0.21537 -0.259769 0.990492 0.102058 -0.0922457 0.968457 0.951579 1 5 1
Pii_TIGORASU_body.png
0 0.136072 0.575243 0.326623 0.0682098 0.667126 0.741816 0.93925 0.984907 1 3 1
0 0.0694192 0.481979 0.311611 -0.816696 0.573813 0.0612011 0.944831 0.967572 1 3 1
0 0.0656168 0.440574 0.411449 -0.31748 0.618727 0.718598 0.907716 0.959875 1 3 1
Pii_TIGORASU_body.png
0 0.136072 0.575243 0.326623 0.0682098 0.667126 0.741816 0.93925 0.984907 1 3 1
0 0.102594 0.481979 0.311611 0.941447 -0.321685 -0.100971 0.944831 0.967572 1 3 1
0 0.0694192 0.481979 0.311611 -0.816696 0.573813 0.0612011 0.944831 0.967572 1 3 1
Pii_TIGORASU_body.png
0 0.136072 0.575243 0.326623 0.0682098 0.667126 0.741816 0.93925 0.984907 1 3 1
0 0.0656168 0.440574 0.411449 -0.31748 0.618727 0.718598 0.907716 0.959875 1 3 1
0 0.102594 0.481979 0.311611 0.941447 -0.321685 -0.100971 0.944831 0.967572 1 3 1
Pii_TIGORASU_body.png
0 -0.136072 0.575243 0.326623 -0.0682105 0.667126 0.741816 0.93925 0.984907 1 3 1
0 -0.0656168 0.440574 0.411449 0.31748 0.618727 0.718598 0.907716 0.959875 1 3 1
0 -0.0694192 0.481979 0.311611 0.816697 0.573813 0.0612011 0.944831 0.967572 1 3 1
Pii_TIGORASU_body.png
0 -0.136072 0.575243 0.326623 -0.0682105 0.667126 0.741816 0.93925 0.984907 1 3 1
0 -0.102594 0.481979 0.311611 -0.941448 -0.321685 -0.100971 0.944831 0.967572 1 3 1
0 -0.0656168 0.440574 0.411449 0.31748 0.618727 0.718598 0.907716 0.959875 1 3 1
Pii_TIGORASU_body.png
0 -0.136072 0.575243 0.326623 -0.0682105 0.667126 0.741816 0.93925 0.984907 1 3 1
0 -0.0694192 0.481979 0.311611 0.816697 0.573813 0.0612011 0.944831 0.967572 1 3 1
0 -0.102594 0.481979 0.311611 -0.941448 -0.321685 -0.100971 0.944831 0.967572 1 3 1
Pii_TIGORASU_body.png
0 0.181704 0.125007 -0.0224317 0.969465 0.243739 -0.0270011 0.488734 0.658252 2 1 0.8 4 0.2
0 0.130846 0 0 0.239634 -0.96908 -0.0588244 0.634895 0.535337 2 0 0.55 1 0.45
0 0.0656378 0.131152 -0.151413 0.643426 -0.27597 -0.714034 0.358895 0.464254 1 1 1
Pii_TIGORASU_body.png
0 0.181704 0.125007 -0.0224317 0.969465 0.243739 -0.0270011 0.488734 0.658252 2 1 0.8 4 0.2
0 0.067937 0.0652538 0.0682819 0.365818 -0.539582 0.758307 0.801759 0.621005 2 1 0.8 4 0.2
0 0.130846 0 0 0.239634 -0.96908 -0.0588244 0.634895 0.535337 2 0 0.55 1 0.45
Pii_TIGORASU_body.png
