version 1
nodes
0 "ROOT" -1
1 "BODY" 0
2 "HEAD" 1
3 "LEG" 2
end
skeleton
time 0
0 0 0 0 0 0 0
1 0 0.485659 0 0 0 0
2 0 0 0 0 0 0
3 0.138078 0.331871 0 0 0 0
end
triangles
Pii_HITOTUKI_body.png
0 0.556731 0.0708457 -0.101924 0.0811058 -0.80115 0.592943 0.797688 0.171796 2 2 0.8 3 0.2
0 0.539755 0.431015 -0.0212914 0.188726 -0.174152 0.966464 0.755247 0.612702 2 2 0.8 3 0.2
0 0.374334 0.39441 0.000910401 0.188726 -0.174152 0.966464 0.341695 0.593638 2 2 0.8 3 0.2
Pii_HITOTUKI_body.png
0 0.556731 0.0708457 -0.101924 0.0811058 -0.80115 0.592943 0.797688 0.171796 2 2 0.8 3 0.2
0 0.374334 0.39441 0.000910401 0.188726 -0.174152 0.966464 0.341695 0.593638 2 2 0.8 3 0.2
0 0.539755 0.431015 -0.0212914 0.188726 -0.174152 0.966464 0.755247 0.612702 2 2 0.8 3 0.2
Pii_HITOTUKI_body.png
0 0.556731 0.0708457 -0.101924 0.0811058 -0.80115 0.592943 0.797688 0.171796 2 2 0.8 3 0.2
0 0.374334 0.39441 0.000910401 0.188726 -0.174152 0.966464 0.341695 0.593638 2 2 0.8 3 0.2
0 0.36914 0.0645972 -0.101062 0.0811058 -0.80115 0.592943 0.32871 0.166928 2 2 0.8 3 0.2
Pii_HITOTUKI_body.png
0 0.556731 0.0708457 -0.101924 0.0811058 -0.80115 0.592943 0.797688 0.171796 2 2 0.8 3 0.2
0 0.36914 0.0645972 -0.101062 0.0811058 -0.80115 0.592943 0.32871 0.166928 2 2 0.8 3 0.2
0 0.374334 0.39441 0.000910401 0.188726 -0.174152 0.966464 0.341695 0.593638 2 2 0.8 3 0.2
Pii_HITOTUKI_body.png
0 0.556731 0.0708457 -0.101924 0.0811058 -0.80115 0.592943 0.797688 0.171796 2 2 0.8 3 0.2
0 0.36914 0.0645972 -0.101062 0.0811058 -0.80115 0.592943 0.32871 0.166928 2 2 0.8 3 0.2
0 0.36914 0.0973208 -0.203298 0.0331025 -0.998795 -0.0362259 0.32871 0.0077545 2 2 0.8 3 0.2
Pii_HITOTUKI_body.png
0 0.556731 0.0708457 -0.101924 0.0811058 -0.80115 0.592943 0.797688 0.171796 2 2 0.8 3 0.2
0 0.36914 0.0973208 -0.203298 0.0331025 -0.998795 -0.0362259 0.32871 0.0077545 2 2 0.8 3 0.2
0 0.36914 0.0645972 -0.101062 0.0811058 -0.80115 0.592943 0.32871 0.166928 2 2 0.8 3 0.2
Pii_HITOTUKI_body.png
0 0.556731 0.0708457 -0.101924 0.0811058 -0.80115 0.592943 0.797688 0.171796 2 2 0.8 3 0.2
0 0.36914 0.0973208 -0.203298 0.0331025 -0.998795 -0.0362259 0.32871 0.0077545 2 2 0.8 3 0.2
0 0.556731 0.103569 -0.20416 0.0331025 -0.998795 -0.0362259 0.797688 0.00959414 2 2 0.8 3 0.2
Pii_HITOTUKI_body.png
0 0.556731 0.0708457 -0.101924 0.0811058 -0.80115 0.592943 0.797688 0.171796 2 2 0.8 3 0.2
0 0.556731 0.103569 -0.20416 0.0331025 -0.998795 -0.0362259 0.797688 0.00959414 2 2 0.8 3 0.2
0 0.36914 0.0973208 -0.203298 0.0331025 -0.998795 -0.0362259 0.32871 0.0077545 2 2 0.8 3 0.2
Pii_HITOTUKI_body.png
0 0.00294338 0.491149 0.043715 0.0495996 0.192465 0.98005 0.432137 0.965246 1 2 1
0 0.0748642 0.460071 0.0461783 0.0495996 0.192465 0.98005 0.43978 0.964374 1 2 1
0 0.130932 0.537244 0.0281853 0.0495996 0.192465 0.98005 0.443869 0.968776 1 2 1
Pii_HITOTUKI_body.png
0 0.00294338 0.491149 0.043715 0.0495996 0.192465 0.98005 0.432137 0.965246 1 2 1
0 0.0386045 0.438326 0.0522836 0.0495996 0.192465 0.98005 0.436616 0.962939 1 2 1
0 0.0748642 0.460071 0.0461783 0.0495996 0.192465 0.98005 0.43978 0.964374 1 2 1
Pii_HITOTUKI_body.png
0 0.00294338 0.491149 0.043715 0.0495996 0.192465 0.98005 0.432137 0.965246 1 2 1
0 0.130932 0.537244 0.0281853 0.0495996 0.192465 0.98005 0.443869 0.968776 1 2 1
0 0.0205849 0.585242 0.0243438 0.0495996 0.192465 0.98005 0.432137 0.97013 1 2 1
Pii_HITOTUKI_body.png
0 0.00294338 0.491149 0.043715 0.0495996 0.192465 0.98005 0.432137 0.965246 1 2 1
0 -0.00828415 0.431265 0.0560433 0.0495996 0.192465 0.98005 0.432137 0.962138 1 2 1
0 0.0386045 0.438326 0.0522836 0.0495996 0.192465 0.98005 0.436616 0.962939 1 2 1
Pii_HITOTUKI_body.png
0 0.00294338 0.491149 0.043715 0.0495996 0.192465 0.98005 0.432137 0.965246 1 2 1
0 0.0205849 0.585242 0.0243438 0.0495996 0.192465 0.98005 0.432137 0.97013 1 2 1
0 -0.0995406 0.581084 0.03124 0.0495996 0.192465 0.98005 0.420406 0.968776 1 2 1
Pii_HITOTUKI_body.png
0 0.00294338 0.491149 0.043715 0.0495996 0.192465 0.98005 0.432137 0.965246 1 2 1
0 -0.0493869 0.455064 0.0534498 0.0495996 0.192465 0.98005 0.427659 0.962939 1 2 1
0 -0.00828415 0.431265 0.0560433 0.0495996 0.192465 0.98005 0.432137 0.962138 1 2 1
Pii_HITOTUKI_body.png
0 0.00294338 0.491149 0.043715 0.0495996 0.192465 0.98005 0.432137 0.965246 1 2 1
0 -0.0995406 0.581084 0.03124 0.0495996 0.192465 0.98005 0.420406 0.968776 1 2 1
0 -0.0752764 0.48863 0.0481682 0.0495996 0.192465 0.98005 0.424495 0.964374 1 2 1
Pii_HITOTUKI_body.png
0 0.00294338 0.491149 0.043715 0.0495996 0.192465 0.98005 0.432137 0.965246 1 2 1
0 -0.0752764 0.48863 0.0481682 0.0495996 0.192465 0.98005 0.424495 0.964374 1 2 1
0 -0.0493869 0.455064 0.0534498 0.0495996 0.192465 0.98005 0.427659 0.962939 1 2 1
Pii_HITOTUKI_body.png
0 0.0748642 0.460071 0.0461783 0.0495996 0.192465 0.98005 0.43978 0.964374 1 2 1
0 0.202714 0.452802 0.0411354 0.0495996 0.192465 0.98005 0.452481 0.965229 1 2 1
0 0.130932 0.537244 0.0281853 0.0495996 0.192465 0.98005 0.443869 0.968776 1 2 1
Pii_HITOTUKI_body.png
0 0.0748642 0.460071 0.0461783 0.0495996 0.192465 0.98005 0.43978 0.964374 1 2 1
0 0.124419 0.402534 0.0549695 0.0495996 0.192465 0.98005 0.445711 0.961963 1 2 1
0 0.202714 0.452802 0.0411354 0.0495996 0.192465 0.98005 0.452481 0.965229 1 2 1
Pii_HITOTUKI_body.png
0 -0.0995406 0.581084 0.03124 0.0495996 0.192465 0.98005 0.420406 0.968776 1 2 1
0 -0.196953 0.528826 0.0464325 0.0495996 0.192465 0.98005 0.411794 0.965229 1 2 1
0 -0.0752764 0.48863 0.0481682 0.0495996 0.192465 0.98005 0.424495 0.964374 1 2 1
Pii_HITOTUKI_body.png
0 -0.196953 0.528826 0.0464325 0.0495996 0.192465 0.98005 0.411794 0.965229 1 2 1
0 -0.142251 0.45326 0.0585039 0.0495996 0.192465 0.98005 0.418564 0.961963 1 2 1
0 -0.0752764 0.48863 0.0481682 0.0495996 0.192465 0.98005 0.424495 0.964374 1 2 1
Pii_HITOTUKI_body.png
0 0.431563 0.60176 0.00414031 0.354518 0.0523717 0.933581 0.572083 0.965176 2 2 0.8 3 0.2
0 0.284417 0.745354 0.035257 0.328933 0.386311 0.861723 0.557368 0.972356 2 2 0.8 3 0.2
0 0.319387 0.571573 0.0571099 0.354518 0.0523717 0.933581 0.560865 0.963667 2 2 0.8 3 0.2
Pii_HITOTUKI_body.png
0 0.431563 0.60176 0.00414031 0.354518 0.0523717 0.933581 0.572083 0.965176 2 2 0.8 3 0.2
0 0.319387 0.571573 0.0571099 0.354518 0.0523717 0.933581 0.560865 0.963667 2 2 0.8 3 0.2
0 0.284417 0.745354 0.035257 0.328933 0.386311 0.861723 0.557368 0.972356 2 2 0.8 3 0.2
Pii_HITOTUKI_body.png
0 0.431563 0.60176 0.00414031 0.354518 0.0523717 0.933581 0.572083 0.965176 2 2 0.8 3 0.2
0 0.319387 0.571573 0.0571099 0.354518 0.0523717 0.933581 0.560865 0.963667 2 2 0.8 3 0.2
0 0.374334 0.39441 0.000910401 0.188726 -0.174152 0.966464 0.56636 0.954809 2 2 0.8 3 0.2
Pii_HITOTUKI_body.png
0 0.431563 0.60176 0.00414031 0.354518 0.0523717 0.933581 0.572083 0.965176 2 2 0.8 3 0.2
0 0.374334 0.39441 0.000910401 0.188726 -0.174152 0.966464 0.56636 0.954809 2 2 0.8 3 0.2
0 0.319387 0.571573 0.0571099 0.354518 0.0523717 0.933581 0.560865 0.963667 2 2 0.8 3 0.2
Pii_HITOTUKI_body.png
0 0.431563 0.60176 0.00414031 0.354518 0.0523717 0.933581 0.572083 0.965176 2 2 0.8 3 0.2
0 0.374334 0.39441 0.000910401 0.188726 -0.174152 0.966464 0.56636 0.954809 2 2 0.8 3 0.2
0 0.539755 0.431015 -0.0212914 0.188726 -0.174152 0.966464 0.582902 0.956639 2 2 0.8 3 0.2
Pii_HITOTUKI_body.png
0 0.431563 0.60176 0.00414031 0.354518 0.0523717 0.933581 0.572083 0.965176 2 2 0.8 3 0.2
0 0.539755 0.431015 -0.0212914 0.188726 -0.174152 0.966464 0.582902 0.956639 2 2 0.8 3 0.2
0 0.374334 0.39441 0.000910401 0.188726 -0.174152 0.966464 0.56636 0.954809 2 2 0.8 3 0.2
Pii_HITOTUKI_body.png
0 0.284417 0.745354 0.035257 0.328933 0.386311 0.861723 0.557368 0.972356 2 2 0.8 3 0.2
0 0.223689 0.714725 0.0773263 0.328933 0.386311 0.861723 0.551295 0.970825 2 2 0.8 3 0.2
0 0.319387 0.571573 0.0571099 0.354518 0.0523717 0.933581 0.560865 0.963667 2 2 0.8 3 0.2
Pii_HITOTUKI_body.png
0 0.284417 0.745354 0.035257 0.328933 0.386311 0.861723 0.557368 0.972356 2 2 0.8 3 0.2
0 0.15824 0.819678 0.0221423 -0.0389773 0.868177 0.494721 0.54475 0.976072 2 2 0.8 3 0.2
0 0.223689 0.714725 0.0773263 0.328933 0.386311 0.861723 0.551295 0.970825 2 2 0.8 3 0.2
Pii_HITOTUKI_body.png
0 0.284417 0.745354 0.035257 0.328933 0.386311 0.861723 0.557368 0.972356 2 2 0.8 3 0.2
0 0.319387 0.571573 0.0571099 0.354518 0.0523717 0.933581 0.560865 0.963667 2 2 0.8 3 0.2
0 0.223689 0.714725 0.0773263 0.328933 0.386311 0.861723 0.551295 0.970825 2 2 0.8 3 0.2
Pii_HITOTUKI_body.png
0 0.284417 0.745354 0.035257 0.328933 0.386311 0.861723 0.557368 0.972356 2 2 0.8 3 0.2
0 0.223689 0.714725 0.0773263 0.328933 0.386311 0.861723 0.551295 0.970825 2 2 0.8 3 0.2
0 0.15824 0.819678 0.0221423 -0.0389773 0.868177 0.494721 0.54475 0.976072 2 2 0.8 3 0.2
Pii_HITOTUKI_body.png
0 0.223689 0.714725 0.0773263 0.328933 0.386311 0.861723 0.551295 0.970825 2 2 0.8 3 0.2
0 0.15824 0.819678 0.0221423 -0.0389773 0.868177 0.494721 0.54475 0.976072 2 2 0.8 3 0.2
0 0.121592 0.808095 0.0370698 -0.0389773 0.868177 0.494721 0.541086 0.975493 2 2 0.8 3 0.2
Pii_HITOTUKI_body.png
0 0.223689 0.714725 0.0773263 0.328933 0.386311 0.861723 0.551295 0.970825 2 2 0.8 3 0.2
0 0.121592 0.808095 0.0370698 -0.0389773 0.868177 0.494721 0.541086 0.975493 2 2 0.8 3 0.2
0 0.15824 0.819678 0.0221423 -0.0389773 0.868177 0.494721 0.54475 0.976072 2 2 0.8 3 0.2
Pii_HITOTUKI_body.png
0 0.121592 0.808095 0.0370698 -0.0389773 0.868177 0.494721 0.541086 0.975493 2 2 0.8 3 0.2
0 0.15824 0.819678 0.0221423 -0.0389773 0.868177 0.494721 0.54475 0.976072 2 2 0.8 3 0.2
0 0.100085 0.806667 -0.0391398 -0.241422 0.761794 -0.601153 0.538935 0.975422 1 2 1
Pii_HITOTUKI_body.png
0 0.121592 0.808095 0.0370698 -0.0389773 0.868177 0.494721 0.541086 0.975493 2 2 0.8 3 0.2
0 0.100085 0.806667 -0.0391398 -0.241422 0.761794 -0.601153 0.538935 0.975422 1 2 1
0 0.15824 0.819678 0.0221423 -0.0389773 0.868177 0.494721 0.54475 0.976072 2 2 0.8 3 0.2
Pii_HITOTUKI_body.png
0 0.121592 0.808095 0.0370698 -0.0389773 0.868177 0.494721 0.541086 0.975493 2 2 0.8 3 0.2
0 0.100085 0.806667 -0.0391398 -0.241422 0.761794 -0.601153 0.538935 0.975422 1 2 1
0 0.0573433 0.792509 -0.033267 -0.241422 0.761794 -0.601153 0.534661 0.974714 1 2 1
Pii_HITOTUKI_body.png
0 0.121592 0.808095 0.0370698 -0.0389773 0.868177 0.494721 0.541086 0.975493 2 2 0.8 3 0.2
0 0.0573433 0.792509 -0.033267 -0.241422 0.761794 -0.601153 0.534661 0.974714 1 2 1
0 0.100085 0.806667 -0.0391398 -0.241422 0.761794 -0.601153 0.538935 0.975422 1 2 1
Pii_HITOTUKI_body.png
0 0.0573433 0.792509 -0.033267 -0.241422 0.761794 -0.601153 0.534661 0.974714 1 2 1
0 0.100085 0.806667 -0.0391398 -0.241422 0.761794 -0.601153 0.538935 0.975422 1 2 1
0 0.0637237 0.706581 -0.0514896 -0.073845 0.201639 -0.976672 0.535299 0.970417 1 2 1
Pii_HITOTUKI_body.png
0 0.0573433 0.792509 -0.033267 -0.241422 0.761794 -0.601153 0.534661 0.974714 1 2 1
0 0.0637237 0.706581 -0.0514896 -0.073845 0.201639 -0.976672 0.535299 0.970417 1 2 1
0 0.100085 0.806667 -0.0391398 -0.241422 0.761794 -0.601153 0.538935 0.975422 1 2 1
Pii_HITOTUKI_body.png
0 0.0573433 0.792509 -0.033267 -0.241422 0.761794 -0.601153 0.534661 0.974714 1 2 1
0 0.0637237 0.706581 -0.0514896 -0.073845 0.201639 -0.976672 0.535299 0.970417 1 2 1
0 0.0254292 0.71602 -0.0522099 -0.073845 0.201639 -0.976672 0.531469 0.970889 1 2 1
Pii_HITOTUKI_body.png
0 0.0573433 0.792509 -0.033267 -0.241422 0.761794 -0.601153 0.534661 0.974714 1 2 1
0 0.0254292 0.71602 -0.0522099 -0.073845 0.201639 -0.976672 0.531469 0.970889 1 2 1
0 0.0637237 0.706581 -0.0514896 -0.073845 0.201639 -0.976672 0.535299 0.970417 1 2 1
Pii_HITOTUKI_body.png
0 0.128538 0.223302 -0.0425935 -0.668448 0.258822 0.697272 0.584388 0.799434 2 2 0.8 3 0.2
0 0.12038 0.159972 -0.0956798 -0.843139 -0.521174 0.13227 0.403836 0.809633 2 2 0.8 3 0.2
0 0.128538 0.157008 -0.0553516 -0.668448 -0.499128 0.551406 0.415612 0.799434 2 2 0.8 3 0.2
Pii_HITOTUKI_body.png
0 0.128538 0.223302 -0.0425935 -0.668448 0.258822 0.697272 0.584388 0.799434 2 2 0.8 3 0.2
0 0.12038 0.235517 -0.0811412 -0.843139 0.434856 0.316256 0.596164 0.809633 2 2 0.8 3 0.2
0 0.12038 0.159972 -0.0956798 -0.843139 -0.521174 0.13227 0.403836 0.809633 2 2 0.8 3 0.2
Pii_HITOTUKI_body.png
0 0.128538 0.223302 -0.0425935 -0.668448 0.258822 0.697272 0.584388 0.799434 2 2 0.8 3 0.2
0 0.128538 0.157008 -0.0553516 -0.668448 -0.499128 0.551406 0.415612 0.799434 2 2 0.8 3 0.2
0 0.187004 0.123861 -0.0617307 0 -0.878102 0.478473 0.331224 0.726352 2 2 0.8 3 0.2
Pii_HITOTUKI_body.png
0 0.128538 0.223302 -0.0425935 -0.668448 0.258822 0.697272 0.584388 0.799434 2 2 0.8 3 0.2
0 0.187004 0.256449 -0.0362144 0 0.637796 0.770205 0.668776 0.726352 2 2 0.8 3 0.2
0 0.12038 0.235517 -0.0811412 -0.843139 0.434856 0.316256 0.596164 0.809633 2 2 0.8 3 0.2
Pii_HITOTUKI_body.png
0 0.128538 0.223302 -0.0425935 -0.668448 0.258822 0.697272 0.584388 0.799434 2 2 0.8 3 0.2
0 0.187004 0.123861 -0.0617307 0 -0.878102 0.478473 0.331224 0.726352 2 2 0.8 3 0.2
0 0.24547 0.223302 -0.0425935 0.668448 0.258821 0.697272 0.584388 0.65327 2 2 0.8 3 0.2
Pii_HITOTUKI_body.png
0 0.128538 0.223302 -0.0425935 -0.668448 0.258822 0.697272 0.584388 0.799434 2 2 0.8 3 0.2
0 0.24547 0.223302 -0.0425935 0.668448 0.258821 0.697272 0.584388 0.65327 2 2 0.8 3 0.2
0 0.187004 0.256449 -0.0362144 0 0.637796 0.770205 0.668776 0.726352 2 2 0.8 3 0.2
Pii_HITOTUKI_body.png
0 0.12038 0.159972 -0.0956798 -0.843139 -0.521174 0.13227 0.403836 0.809633 2 2 0.8 3 0.2
0 0.187004 0.122199 -0.102949 0 -0.999189 0.0402772 0.307671 0.726352 2 2 0.8 3 0.2
0 0.128538 0.157008 -0.0553516 -0.668448 -0.499128 0.551406 0.415612 0.799434 2 2 0.8 3 0.2
Pii_HITOTUKI_body.png
0 0.128538 0.157008 -0.0553516 -0.668448 -0.499128 0.551406 0.415612 0.799434 2 2 0.8 3 0.2
0 0.187004 0.122199 -0.102949 0 -0.999189 0.0402772 0.307671 0.726352 2 2 0.8 3 0.2
0 0.187004 0.123861 -0.0617307 0 -0.878102 0.478473 0.331224 0.726352 2 2 0.8 3 0.2
Pii_HITOTUKI_body.png
0 0.12038 0.235517 -0.0811412 -0.843139 0.434856 0.316256 0.596164 0.809633 2 2 0.8 3 0.2
0 0.187004 0.256449 -0.0362144 0 0.637796 0.770205 0.668776 0.726352 2 2 0.8 3 0.2
0 0.187004 0.27329 -0.0738719 0 0.91287 0.40825 0.692329 0.726352 2 2 0.8 3 0.2
Pii_HITOTUKI_body.png
0 0.187004 0.256449 -0.0362144 0 0.637796 0.770205 0.668776 0.726352 2 2 0.8 3 0.2
0 0.24547 0.223302 -0.0425935 0.668448 0.258821 0.697272 0.584388 0.65327 2 2 0.8 3 0.2
0 0.187004 0.27329 -0.0738719 0 0.91287 0.40825 0.692329 0.726352 2 2 0.8 3 0.2
Pii_HITOTUKI_body.png
0 0.187004 0.122199 -0.102949 0 -0.999189 0.0402772 0.307671 0.726352 2 2 0.8 3 0.2
0 0.253629 0.159972 -0.0956798 0.843138 -0.521174 0.132271 0.403836 0.643072 2 2 0.8 3 0.2
0 0.187004 0.123861 -0.0617307 0 -0.878102 0.478473 0.331224 0.726352 2 2 0.8 3 0.2
Pii_HITOTUKI_body.png
0 0.24547 0.223302 -0.0425935 0.668448 0.258821 0.697272 0.584388 0.65327 2 2 0.8 3 0.2
0 0.253629 0.235517 -0.0811412 0.843138 0.434855 0.316257 0.596164 0.643072 2 2 0.8 3 0.2
0 0.187004 0.27329 -0.0738719 0 0.91287 0.40825 0.692329 0.726352 2 2 0.8 3 0.2
Pii_HITOTUKI_body.png
0 0.24547 0.223302 -0.0425935 0.668448 0.258821 0.697272 0.584388 0.65327 2 2 0.8 3 0.2
0 0.187004 0.123861 -0.0617307 0 -0.878102 0.478473 0.331224 0.726352 2 2 0.8 3 0.2
0 0.24547 0.157008 -0.0553516 0.668448 -0.499128 0.551406 0.415612 0.65327 2 2 0.8 3 0.2
Pii_HITOTUKI_body.png
0 0.24547 0.223302 -0.0425935 0.668448 0.258821 0.697272 0.584388 0.65327 2 2 0.8 3 0.2
0 0.24547 0.157008 -0.0553516 0.668448 -0.499128 0.551406 0.415612 0.65327 2 2 0.8 3 0.2
0 0.253629 0.235517 -0.0811412 0.843138 0.434855 0.316257 0.596164 0.643072 2 2 0.8 3 0.2
Pii_HITOTUKI_body.png
0 0.24547 0.157008 -0.0553516 0.668448 -0.499128 0.551406 0.415612 0.65327 2 2 0.8 3 0.2
0 0.187004 0.123861 -0.0617307 0 -0.878102 0.478473 0.331224 0.726352 2 2 0.8 3 0.2
0 0.253629 0.159972 -0.0956798 0.843138 -0.521174 0.132271 0.403836 0.643072 2 2 0.8 3 0.2
Pii_HITOTUKI_body.png
0 0.24547 0.157008 -0.0553516 0.668448 -0.499128 0.551406 0.415612 0.65327 2 2 0.8 3 0.2
0 0.253629 0.159972 -0.0956798 0.843138 -0.521174 0.132271 0.403836 0.643072 2 2 0.8 3 0.2
0 0.253629 0.235517 -0.0811412 0.843138 0.434855 0.316257 0.596164 0.643072 2 2 0.8 3 0.2
Pii_HITOTUKI_body.png
0 0.23102 0.299095 -0.0280072 -0.668448 0.258822 0.697272 0.668776 0.718645 2 2 0.8 3 0.2
0 0.222861 0.235765 -0.0810935 -0.843139 -0.521174 0.13227 0.596372 0.801971 2 2 0.8 3 0.2
0 0.23102 0.232801 -0.0407653 -0.668448 -0.499128 0.551406 0.58457 0.79178 2 2 0.8 3 0.2
Pii_HITOTUKI_body.png
0 0.23102 0.299095 -0.0280072 -0.668448 0.258822 0.697272 0.668776 0.718645 2 2 0.8 3 0.2
0 0.222861 0.31131 -0.0665549 -0.843139 0.434856 0.316256 0.692329 0.71863 2 2 0.8 3 0.2
0 0.222861 0.235765 -0.0810935 -0.843139 -0.521174 0.13227 0.596372 0.801971 2 2 0.8 3 0.2
Pii_HITOTUKI_body.png
0 0.23102 0.299095 -0.0280072 -0.668448 0.258822 0.697272 0.668776 0.718645 2 2 0.8 3 0.2
0 0.23102 0.232801 -0.0407653 -0.668448 -0.499128 0.551406 0.58457 0.79178 2 2 0.8 3 0.2
0 0.289486 0.199654 -0.0471444 0 -0.878102 0.478473 0.415794 0.791885 2 2 0.8 3 0.2
Pii_HITOTUKI_body.png
0 0.23102 0.299095 -0.0280072 -0.668448 0.258822 0.697272 0.668776 0.718645 2 2 0.8 3 0.2
0 0.289486 0.332242 -0.0216281 0 0.637796 0.770205 0.584206 0.645615 2 2 0.8 3 0.2
0 0.222861 0.31131 -0.0665549 -0.843139 0.434856 0.316256 0.692329 0.71863 2 2 0.8 3 0.2
Pii_HITOTUKI_body.png
0 0.23102 0.299095 -0.0280072 -0.668448 0.258822 0.697272 0.668776 0.718645 2 2 0.8 3 0.2
0 0.289486 0.199654 -0.0471444 0 -0.878102 0.478473 0.415794 0.791885 2 2 0.8 3 0.2
0 0.347952 0.299095 -0.0280072 0.668448 0.258821 0.697272 0.41543 0.645721 2 2 0.8 3 0.2
Pii_HITOTUKI_body.png
0 0.23102 0.299095 -0.0280072 -0.668448 0.258822 0.697272 0.668776 0.718645 2 2 0.8 3 0.2
0 0.347952 0.299095 -0.0280072 0.668448 0.258821 0.697272 0.41543 0.645721 2 2 0.8 3 0.2
0 0.289486 0.332242 -0.0216281 0 0.637796 0.770205 0.584206 0.645615 2 2 0.8 3 0.2
Pii_HITOTUKI_body.png
0 0.222861 0.235765 -0.0810935 -0.843139 -0.521174 0.13227 0.596372 0.801971 2 2 0.8 3 0.2
0 0.289486 0.197993 -0.0883628 0 -0.999189 0.0402772 0.404043 0.802091 2 2 0.8 3 0.2
0 0.23102 0.232801 -0.0407653 -0.668448 -0.499128 0.551406 0.58457 0.79178 2 2 0.8 3 0.2
Pii_HITOTUKI_body.png
0 0.23102 0.232801 -0.0407653 -0.668448 -0.499128 0.551406 0.58457 0.79178 2 2 0.8 3 0.2
0 0.289486 0.197993 -0.0883628 0 -0.999189 0.0402772 0.404043 0.802091 2 2 0.8 3 0.2
0 0.289486 0.199654 -0.0471444 0 -0.878102 0.478473 0.415794 0.791885 2 2 0.8 3 0.2
Pii_HITOTUKI_body.png
0 0.222861 0.31131 -0.0665549 -0.843139 0.434856 0.316256 0.692329 0.71863 2 2 0.8 3 0.2
0 0.289486 0.332242 -0.0216281 0 0.637796 0.770205 0.584206 0.645615 2 2 0.8 3 0.2
0 0.289486 0.349083 -0.0592856 0 0.91287 0.40825 0.595956 0.635409 2 2 0.8 3 0.2
Pii_HITOTUKI_body.png
0 0.289486 0.332242 -0.0216281 0 0.637796 0.770205 0.584206 0.645615 2 2 0.8 3 0.2
0 0.347952 0.299095 -0.0280072 0.668448 0.258821 0.697272 0.41543 0.645721 2 2 0.8 3 0.2
0 0.289486 0.349083 -0.0592856 0 0.91287 0.40825 0.595956 0.635409 2 2 0.8 3 0.2
Pii_HITOTUKI_body.png
0 0.289486 0.197993 -0.0883628 0 -0.999189 0.0402772 0.404043 0.802091 2 2 0.8 3 0.2
0 0.356111 0.235765 -0.0810935 0.843138 -0.521174 0.132271 0.307671 0.71887 2 2 0.8 3 0.2
0 0.289486 0.199654 -0.0471444 0 -0.878102 0.478473 0.415794 0.791885 2 2 0.8 3 0.2
Pii_HITOTUKI_body.png
0 0.347952 0.299095 -0.0280072 0.668448 0.258821 0.697272 0.41543 0.645721 2 2 0.8 3 0.2
0 0.356111 0.31131 -0.0665549 0.843138 0.434855 0.316257 0.403628 0.635529 2 2 0.8 3 0.2
0 0.289486 0.349083 -0.0592856 0 0.91287 0.40825 0.595956 0.635409 2 2 0.8 3 0.2
Pii_HITOTUKI_body.png
0 0.347952 0.299095 -0.0280072 0.668448 0.258821 0.697272 0.41543 0.645721 2 2 0.8 3 0.2
0 0.289486 0.199654 -0.0471444 0 -0.878102 0.478473 0.415794 0.791885 2 2 0.8 3 0.2
0 0.347952 0.232801 -0.0407653 0.668448 -0.499128 0.551406 0.331224 0.718855 2 2 0.8 3 0.2
Pii_HITOTUKI_body.png
0 0.347952 0.299095 -0.0280072 0.668448 0.258821 0.697272 0.41543 0.645721 2 2 0.8 3 0.2
0 0.347952 0.232801 -0.0407653 0.668448 -0.499128 0.551406 0.331224 0.718855 2 2 0.8 3 0.2
0 0.356111 0.31131 -0.0665549 0.843138 0.434855 0.316257 0.403628 0.635529 2 2 0.8 3 0.2
Pii_HITOTUKI_body.png
0 0.347952 0.232801 -0.0407653 0.668448 -0.499128 0.551406 0.331224 0.718855 2 2 0.8 3 0.2
0 0.289486 0.199654 -0.0471444 0 -0.878102 0.478473 0.415794 0.791885 2 2 0.8 3 0.2
0 0.356111 0.235765 -0.0810935 0.843138 -0.521174 0.132271 0.307671 0.71887 2 2 0.8 3 0.2
Pii_HITOTUKI_body.png
0 0.347952 0.232801 -0.0407653 0.668448 -0.499128 0.551406 0.331224 0.718855 2 2 0.8 3 0.2
0 0.356111 0.235765 -0.0810935 0.843138 -0.521174 0.132271 0.307671 0.71887 2 2 0.8 3 0.2
0 0.356111 0.31131 -0.0665549 0.843138 0.434855 0.316257 0.403628 0.635529 2 2 0.8 3 0.2
Pii_HITOTUKI_body.png
0 0.23102 0.14751 -0.0571795 -0.668448 0.258822 0.697272 0.331224 0.718964 2 2 0.8 3 0.2
0 0.222861 0.0841799 -0.110266 -0.843139 -0.521174 0.13227 0.403413 0.635591 2 2 0.8 3 0.2
0 0.23102 0.0812157 -0.0699377 -0.668448 -0.499128 0.551406 0.415241 0.645775 2 2 0.8 3 0.2
Pii_HITOTUKI_body.png
0 0.23102 0.14751 -0.0571795 -0.668448 0.258822 0.697272 0.331224 0.718964 2 2 0.8 3 0.2
0 0.222861 0.159725 -0.0957273 -0.843139 0.434856 0.316256 0.307672 0.718994 2 2 0.8 3 0.2
0 0.222861 0.0841799 -0.110266 -0.843139 -0.521174 0.13227 0.403413 0.635591 2 2 0.8 3 0.2
Pii_HITOTUKI_body.png
0 0.23102 0.14751 -0.0571795 -0.668448 0.258822 0.697272 0.331224 0.718964 2 2 0.8 3 0.2
0 0.23102 0.0812157 -0.0699377 -0.668448 -0.499128 0.551406 0.415241 0.645775 2 2 0.8 3 0.2
0 0.289486 0.0480688 -0.0763168 0 -0.878102 0.478473 0.584017 0.645561 2 2 0.8 3 0.2
Pii_HITOTUKI_body.png
0 0.23102 0.14751 -0.0571795 -0.668448 0.258822 0.697272 0.331224 0.718964 2 2 0.8 3 0.2
0 0.289486 0.180657 -0.0508004 0 0.637796 0.770205 0.415983 0.791939 2 2 0.8 3 0.2
0 0.222861 0.159725 -0.0957273 -0.843139 0.434856 0.316256 0.307672 0.718994 2 2 0.8 3 0.2
Pii_HITOTUKI_body.png
0 0.23102 0.14751 -0.0571795 -0.668448 0.258822 0.697272 0.331224 0.718964 2 2 0.8 3 0.2
0 0.289486 0.0480688 -0.0763168 0 -0.878102 0.478473 0.584017 0.645561 2 2 0.8 3 0.2
0 0.347952 0.14751 -0.0571795 0.668448 0.258821 0.697272 0.584759 0.791725 2 2 0.8 3 0.2
Pii_HITOTUKI_body.png
0 0.23102 0.14751 -0.0571795 -0.668448 0.258822 0.697272 0.331224 0.718964 2 2 0.8 3 0.2
0 0.347952 0.14751 -0.0571795 0.668448 0.258821 0.697272 0.584759 0.791725 2 2 0.8 3 0.2
0 0.289486 0.180657 -0.0508004 0 0.637796 0.770205 0.415983 0.791939 2 2 0.8 3 0.2
Pii_HITOTUKI_body.png
0 0.222861 0.0841799 -0.110266 -0.843139 -0.521174 0.13227 0.403413 0.635591 2 2 0.8 3 0.2
0 0.289486 0.0464072 -0.117535 0 -0.999189 0.0402772 0.595742 0.635348 2 2 0.8 3 0.2
0 0.23102 0.0812157 -0.0699377 -0.668448 -0.499128 0.551406 0.415241 0.645775 2 2 0.8 3 0.2
Pii_HITOTUKI_body.png
0 0.23102 0.0812157 -0.0699377 -0.668448 -0.499128 0.551406 0.415241 0.645775 2 2 0.8 3 0.2
0 0.289486 0.0464072 -0.117535 0 -0.999189 0.0402772 0.595742 0.635348 2 2 0.8 3 0.2
0 0.289486 0.0480688 -0.0763168 0 -0.878102 0.478473 0.584017 0.645561 2 2 0.8 3 0.2
Pii_HITOTUKI_body.png
0 0.222861 0.159725 -0.0957273 -0.843139 0.434856 0.316256 0.307672 0.718994 2 2 0.8 3 0.2
0 0.289486 0.180657 -0.0508004 0 0.637796 0.770205 0.415983 0.791939 2 2 0.8 3 0.2
0 0.289486 0.197498 -0.088458 0 0.91287 0.40825 0.404258 0.802152 2 2 0.8 3 0.2
Pii_HITOTUKI_body.png
0 0.289486 0.180657 -0.0508004 0 0.637796 0.770205 0.415983 0.791939 2 2 0.8 3 0.2
0 0.347952 0.14751 -0.0571795 0.668448 0.258821 0.697272 0.584759 0.791725 2 2 0.8 3 0.2
0 0.289486 0.197498 -0.088458 0 0.91287 0.40825 0.404258 0.802152 2 2 0.8 3 0.2
Pii_HITOTUKI_body.png
0 0.289486 0.0464072 -0.117535 0 -0.999189 0.0402772 0.595742 0.635348 2 2 0.8 3 0.2
0 0.356111 0.0841799 -0.110266 0.843138 -0.521174 0.132271 0.692328 0.718506 2 2 0.8 3 0.2
0 0.289486 0.0480688 -0.0763168 0 -0.878102 0.478473 0.584017 0.645561 2 2 0.8 3 0.2
Pii_HITOTUKI_body.png
0 0.347952 0.14751 -0.0571795 0.668448 0.258821 0.697272 0.584759 0.791725 2 2 0.8 3 0.2
0 0.356111 0.159725 -0.0957273 0.843138 0.434855 0.316257 0.596587 0.801909 2 2 0.8 3 0.2
0 0.289486 0.197498 -0.088458 0 0.91287 0.40825 0.404258 0.802152 2 2 0.8 3 0.2
Pii_HITOTUKI_body.png
0 0.347952 0.14751 -0.0571795 0.668448 0.258821 0.697272 0.584759 0.791725 2 2 0.8 3 0.2
0 0.289486 0.0480688 -0.0763168 0 -0.878102 0.478473 0.584017 0.645561 2 2 0.8 3 0.2
0 0.347952 0.0812157 -0.0699377 0.668448 -0.499128 0.551406 0.668776 0.718536 2 2 0.8 3 0.2
Pii_HITOTUKI_body.png
0 0.347952 0.14751 -0.0571795 0.668448 0.258821 0.697272 0.584759 0.791725 2 2 0.8 3 0.2
0 0.347952 0.0812157 -0.0699377 0.668448 -0.499128 0.551406 0.668776 0.718536 2 2 0.8 3 0.2
0 0.356111 0.159725 -0.0957273 0.843138 0.434855 0.316257 0.596587 0.801909 2 2 0.8 3 0.2
Pii_HITOTUKI_body.png
0 0.347952 0.0812157 -0.0699377 0.668448 -0.499128 0.551406 0.668776 0.718536 2 2 0.8 3 0.2
0 0.289486 0.0480688 -0.0763168 0 -0.878102 0.478473 0.584017 0.645561 2 2 0.8 3 0.2
0 0.356111 0.0841799 -0.110266 0.843138 -0.521174 0.132271 0.692328 0.718506 2 2 0.8 3 0.2
Pii_HITOTUKI_body.png
0 0.347952 0.0812157 -0.0699377 0.668448 -0.499128 0.551406 0.668776 0.718536 2 2 0.8 3 0.2
0 0.356111 0.0841799 -0.110266 0.843138 -0.521174 0.132271 0.692328 0.718506 2 2 0.8 3 0.2
0 0.356111 0.159725 -0.0957273 0.843138 0.434855 0.316257 0.596587 0.801909 2 2 0.8 3 0.2
Pii_HITOTUKI_body.png
0 0.447033 0.295777 -0.0695485 0 -0.188981 0.981981 0.249577 0.719703 2 2 0.8 3 0.2
0 0.447033 0.0997134 -0.107281 0 -0.188981 0.981981 -0.249577 0.719703 2 2 0.8 3 0.2
0 0.558524 0.197745 -0.0884145 0 -0.188981 0.981981 0 0.58034 2 2 0.8 3 0.2
Pii_HITOTUKI_body.png
0 0.447033 0.295777 -0.0695485 0 -0.188981 0.981981 0.249577 0.719703 2 2 0.8 3 0.2
0 0.230979 0.146532 -0.0982705 0 -0.188981 0.981981 -0.130383 0.989771 2 2 0.8 3 0.2
0 0.447033 0.0997134 -0.107281 0 -0.188981 0.981981 -0.249577 0.719703 2 2 0.8 3 0.2
Pii_HITOTUKI_body.png
0 0.447033 0.295777 -0.0695485 0 -0.188981 0.981981 0.249577 0.719703 2 2 0.8 3 0.2
0 0.558524 0.197745 -0.0884145 0 -0.188981 0.981981 0 0.58034 2 2 0.8 3 0.2
0 0.642595 0.321162 -0.0646632 0 -0.188981 0.981981 0.300505 0.475251 2 2 0.8 3 0.2
Pii_HITOTUKI_body.png
0 0.447033 0.295777 -0.0695485 0 -0.188981 0.981981 0.249577 0.719703 2 2 0.8 3 0.2
0 0.230979 0.248959 -0.0785586 0 -0.188981 0.981981 0.130383 0.989771 2 2 0.8 3 0.2
0 0.230979 0.146532 -0.0982705 0 -0.188981 0.981981 -0.130383 0.989771 2 2 0.8 3 0.2
Pii_HITOTUKI_body.png
0 0.447033 0.295777 -0.0695485 0 -0.188981 0.981981 0.249577 0.719703 2 2 0.8 3 0.2
0 0.288858 0.323611 -0.0641919 0 -0.188981 0.981981 0.320438 0.917423 2 2 0.8 3 0.2
0 0.230979 0.248959 -0.0785586 0 -0.188981 0.981981 0.130383 0.989771 2 2 0.8 3 0.2
Pii_HITOTUKI_body.png
0 0.447033 0.0997134 -0.107281 0 -0.188981 0.981981 -0.249577 0.719703 2 2 0.8 3 0.2
0 0.642595 0.0743287 -0.112166 0 -0.188981 0.981981 -0.300505 0.475251 2 2 0.8 3 0.2
0 0.558524 0.197745 -0.0884145 0 -0.188981 0.981981 0 0.58034 2 2 0.8 3 0.2
Pii_HITOTUKI_body.png
0 0.447033 0.0997134 -0.107281 0 -0.188981 0.981981 -0.249577 0.719703 2 2 0.8 3 0.2
0 0.230979 0.146532 -0.0982705 0 -0.188981 0.981981 -0.130383 0.989771 2 2 0.8 3 0.2
0 0.288858 0.0718798 -0.112637 0 -0.188981 0.981981 -0.320438 0.917423 2 2 0.8 3 0.2
Pii_HITOTUKI_body.png
0 0.0150575 0.559032 -0.0165338 -0.180618 -0.96335 0.198326 0.436602 0.950887 1 2 1
0 -0.0202385 0.565746 -0.016066 -0.180618 -0.96335 0.198326 0.422813 0.950887 1 2 1
0 0.0132753 0.552117 -0.0517488 -0.180618 -0.96335 0.198326 0.436602 0.950887 1 2 1
Pii_HITOTUKI_body.png
0 0.0150575 0.559032 -0.0165338 -0.180618 -0.96335 0.198326 0.436602 0.950887 1 2 1
0 0.0168397 0.565948 0.0186813 -0.180618 -0.96335 0.198326 0.436602 0.950887 1 2 1
0 -0.0202385 0.565746 -0.016066 -0.180618 -0.96335 0.198326 0.422813 0.950887 1 2 1
Pii_HITOTUKI_body.png
0 0.0150575 0.559032 -0.0165338 -0.180618 -0.96335 0.198326 0.436602 0.950887 1 2 1
0 0.0132753 0.552117 -0.0517488 -0.180618 -0.96335 0.198326 0.436602 0.950887 1 2 1
0 0.0503535 0.552318 -0.0170016 -0.180618 -0.96335 0.198326 0.45039 0.950887 1 2 1
Pii_HITOTUKI_body.png
0 0.0150575 0.559032 -0.0165338 -0.180618 -0.96335 0.198326 0.436602 0.950887 1 2 1
0 0.0503535 0.552318 -0.0170016 -0.180618 -0.96335 0.198326 0.45039 0.950887 1 2 1
0 0.0168397 0.565948 0.0186813 -0.180618 -0.96335 0.198326 0.436602 0.950887 1 2 1
Pii_HITOTUKI_body.png
0 0.0470692 0.729771 -0.051684 0.180618 0.96335 -0.198326 0.558046 0.969798 1 2 1
0 0.0404513 0.69752 -0.0881338 0.130112 0.730711 -0.670174 0.558046 0.964994 1 2 1
0 0.00103695 0.713549 -0.0461685 -0.3453 0.924053 -0.163993 0.54183 0.964994 1 2 1
Pii_HITOTUKI_body.png
0 0.0470692 0.729771 -0.051684 0.180618 0.96335 -0.198326 0.558046 0.969798 1 2 1
0 0.0840575 0.697757 -0.0472689 0.656087 0.733572 -0.177265 0.574263 0.964994 1 2 1
0 0.0404513 0.69752 -0.0881338 0.130112 0.730711 -0.670174 0.558046 0.964994 1 2 1
Pii_HITOTUKI_body.png
0 0.0470692 0.729771 -0.051684 0.180618 0.96335 -0.198326 0.558046 0.969798 1 2 1
0 0.00103695 0.713549 -0.0461685 -0.3453 0.924053 -0.163993 0.54183 0.964994 1 2 1
0 0.0446432 0.713786 -0.00530359 0.180675 0.926915 0.328916 0.558046 0.964994 1 2 1
Pii_HITOTUKI_body.png
0 0.0470692 0.729771 -0.051684 0.180618 0.96335 -0.198326 0.558046 0.969798 1 2 1
0 0.0446432 0.713786 -0.00530359 0.180675 0.926915 0.328916 0.558046 0.964994 1 2 1
0 0.0840575 0.697757 -0.0472689 0.656087 0.733572 -0.177265 0.574263 0.964994 1 2 1
Pii_HITOTUKI_body.png
0 -0.0797782 0.471162 -0.0407825 0.267966 -0.947845 0.172579 0.424495 0.964374 1 2 1
0 -0.0752764 0.48863 0.0481682 0.267966 -0.947845 0.172579 0.424495 0.964374 1 2 1
0 -0.142251 0.45326 0.0585039 0.4795 -0.865366 0.145676 0.418564 0.961963 1 2 1
Pii_HITOTUKI_body.png
0 -0.0797782 0.471162 -0.0407825 0.267966 -0.947845 0.172579 0.424495 0.964374 1 2 1
0 0.000692516 0.482415 -0.000760415 -0.180618 -0.96335 0.198326 0.432137 0.965246 1 2 1
0 -0.0752764 0.48863 0.0481682 0.267966 -0.947845 0.172579 0.424495 0.964374 1 2 1
Pii_HITOTUKI_body.png
0 -0.0797782 0.471162 -0.0407825 0.267966 -0.947845 0.172579 0.424495 0.964374 1 2 1
0 -0.142251 0.45326 0.0585039 0.4795 -0.865366 0.145676 0.418564 0.961963 1 2 1
0 -0.146753 0.435791 -0.0304468 0.4795 -0.865366 0.145676 0.418564 0.961963 1 2 1
Pii_HITOTUKI_body.png
0 -0.0797782 0.471162 -0.0407825 0.267966 -0.947845 0.172579 0.424495 0.964374 1 2 1
0 -0.00155835 0.47368 -0.0452358 -0.180618 -0.96335 0.198326 0.432137 0.965246 1 2 1
0 0.000692516 0.482415 -0.000760415 -0.180618 -0.96335 0.198326 0.432137 0.965246 1 2 1
Pii_HITOTUKI_body.png
0 -0.00155835 0.47368 -0.0452358 -0.180618 -0.96335 0.198326 0.432137 0.965246 1 2 1
0 0.0703624 0.442602 -0.0427725 -0.592693 -0.784133 0.183986 0.43978 0.964374 1 2 1
0 0.000692516 0.482415 -0.000760415 -0.180618 -0.96335 0.198326 0.432137 0.965246 1 2 1
Pii_HITOTUKI_body.png
0 0.0703624 0.442602 -0.0427725 -0.592693 -0.784133 0.183986 0.43978 0.964374 1 2 1
0 0.0748642 0.460071 0.0461783 -0.592693 -0.784133 0.183986 0.43978 0.964374 1 2 1
0 0.000692516 0.482415 -0.000760415 -0.180618 -0.96335 0.198326 0.432137 0.965246 1 2 1
Pii_HITOTUKI_body.png
0 0.0703624 0.442602 -0.0427725 -0.592693 -0.784133 0.183986 0.43978 0.964374 1 2 1
0 0.119918 0.385066 -0.0339812 -0.759795 -0.62963 0.162101 0.445711 0.961963 1 2 1
0 0.0748642 0.460071 0.0461783 -0.592693 -0.784133 0.183986 0.43978 0.964374 1 2 1
Pii_HITOTUKI_body.png
0 0.119918 0.385066 -0.0339812 -0.759795 -0.62963 0.162101 0.445711 0.961963 1 2 1
0 0.124419 0.402534 0.0549695 -0.759795 -0.62963 0.162101 0.445711 0.961963 1 2 1
0 0.0748642 0.460071 0.0461783 -0.592693 -0.784133 0.183986 0.43978 0.964374 1 2 1
Pii_HITOTUKI_body.png
0 -0.00155835 0.47368 -0.0452358 -0.0495996 -0.192465 -0.98005 0.432137 0.965246 1 2 1
0 -0.0797782 0.471162 -0.0407825 -0.0495996 -0.192465 -0.98005 0.424495 0.964374 1 2 1
0 -0.104042 0.563615 -0.0577108 -0.0495996 -0.192465 -0.98005 0.420406 0.968776 1 2 1
Pii_HITOTUKI_body.png
0 -0.00155835 0.47368 -0.0452358 -0.0495996 -0.192465 -0.98005 0.432137 0.965246 1 2 1
0 -0.104042 0.563615 -0.0577108 -0.0495996 -0.192465 -0.98005 0.420406 0.968776 1 2 1
0 0.0160832 0.567774 -0.0646069 -0.0495996 -0.192465 -0.98005 0.432137 0.97013 1 2 1
Pii_HITOTUKI_body.png
0 -0.00155835 0.47368 -0.0452358 -0.0495996 -0.192465 -0.98005 0.432137 0.965246 1 2 1
0 0.0160832 0.567774 -0.0646069 -0.0495996 -0.192465 -0.98005 0.432137 0.97013 1 2 1
0 0.12643 0.519776 -0.0607654 -0.0495996 -0.192465 -0.98005 0.443869 0.968776 1 2 1
Pii_HITOTUKI_body.png
0 -0.00155835 0.47368 -0.0452358 -0.0495996 -0.192465 -0.98005 0.432137 0.965246 1 2 1
0 0.12643 0.519776 -0.0607654 -0.0495996 -0.192465 -0.98005 0.443869 0.968776 1 2 1
0 0.0703624 0.442602 -0.0427725 -0.0495996 -0.192465 -0.98005 0.43978 0.964374 1 2 1
Pii_HITOTUKI_body.png
0 -0.0797782 0.471162 -0.0407825 -0.0495996 -0.192465 -0.98005 0.424495 0.964374 1 2 1
0 -0.201454 0.511357 -0.0425182 -0.0495996 -0.192465 -0.98005 0.411794 0.965229 1 2 1
0 -0.104042 0.563615 -0.0577108 -0.0495996 -0.192465 -0.98005 0.420406 0.968776 1 2 1
Pii_HITOTUKI_body.png
0 -0.0797782 0.471162 -0.0407825 -0.0495996 -0.192465 -0.98005 0.424495 0.964374 1 2 1
0 -0.146753 0.435791 -0.0304468 -0.0495996 -0.192465 -0.98005 0.418564 0.961963 1 2 1
0 -0.201454 0.511357 -0.0425182 -0.0495996 -0.192465 -0.98005 0.411794 0.965229 1 2 1
Pii_HITOTUKI_body.png
0 0.12643 0.519776 -0.0607654 -0.0495996 -0.192465 -0.98005 0.443869 0.968776 1 2 1
0 0.198212 0.435333 -0.0478154 -0.0495996 -0.192465 -0.98005 0.452481 0.965229 1 2 1
0 0.0703624 0.442602 -0.0427725 -0.0495996 -0.192465 -0.98005 0.43978 0.964374 1 2 1
Pii_HITOTUKI_body.png
0 0.198212 0.435333 -0.0478154 -0.0495996 -0.192465 -0.98005 0.452481 0.965229 1 2 1
0 0.119918 0.385066 -0.0339812 -0.0495996 -0.192465 -0.98005 0.445711 0.961963 1 2 1
0 0.0703624 0.442602 -0.0427725 -0.0495996 -0.192465 -0.98005 0.43978 0.964374 1 2 1
Pii_HITOTUKI_body.png
0 0.0363536 0.429592 0.00780822 0.350292 -0.922279 0.163391 0.436616 0.962939 1 2 1
0 -0.00828415 0.431265 0.0560433 -0.180618 -0.96335 0.198326 0.432137 0.962138 1 2 1
0 -0.010535 0.422531 0.0115679 -0.180618 -0.96335 0.198326 0.432137 0.962138 1 2 1
Pii_HITOTUKI_body.png
0 0.0363536 0.429592 0.00780822 0.350292 -0.922279 0.163391 0.436616 0.962939 1 2 1
0 0.0386045 0.438326 0.0522836 0.350292 -0.922279 0.163391 0.436616 0.962939 1 2 1
0 -0.00828415 0.431265 0.0560433 -0.180618 -0.96335 0.198326 0.432137 0.962138 1 2 1
Pii_HITOTUKI_body.png
0 0.0363536 0.429592 0.00780822 0.350292 -0.922279 0.163391 0.436616 0.962939 1 2 1
0 0.0748642 0.460071 0.0461783 0.52637 -0.838963 0.138118 0.43978 0.964374 1 2 1
0 0.0386045 0.438326 0.0522836 0.350292 -0.922279 0.163391 0.436616 0.962939 1 2 1
Pii_HITOTUKI_body.png
0 0.0363536 0.429592 0.00780822 0.350292 -0.922279 0.163391 0.436616 0.962939 1 2 1
0 0.0726133 0.451337 0.00170292 0.52637 -0.838963 0.138118 0.43978 0.964374 1 2 1
0 0.0748642 0.460071 0.0461783 0.52637 -0.838963 0.138118 0.43978 0.964374 1 2 1
Pii_HITOTUKI_body.png
0 -0.010535 0.422531 0.0115679 -0.180618 -0.96335 0.198326 0.432137 0.962138 1 2 1
0 -0.00828415 0.431265 0.0560433 -0.180618 -0.96335 0.198326 0.432137 0.962138 1 2 1
0 -0.0493869 0.455064 0.0534498 -0.660093 -0.730086 0.176783 0.427659 0.962939 1 2 1
Pii_HITOTUKI_body.png
0 -0.010535 0.422531 0.0115679 -0.180618 -0.96335 0.198326 0.432137 0.962138 1 2 1
0 -0.0493869 0.455064 0.0534498 -0.660093 -0.730086 0.176783 0.427659 0.962939 1 2 1
0 -0.0516378 0.44633 0.00897444 -0.660093 -0.730086 0.176783 0.427659 0.962939 1 2 1
Pii_HITOTUKI_body.png
0 -0.0493869 0.455064 0.0534498 -0.660093 -0.730086 0.176783 0.427659 0.962939 1 2 1
0 -0.0775273 0.479896 0.00369286 -0.793877 -0.587829 0.155617 0.424495 0.964374 1 2 1
0 -0.0516378 0.44633 0.00897444 -0.660093 -0.730086 0.176783 0.427659 0.962939 1 2 1
Pii_HITOTUKI_body.png
0 -0.0493869 0.455064 0.0534498 -0.660093 -0.730086 0.176783 0.427659 0.962939 1 2 1
0 -0.0752764 0.48863 0.0481682 -0.793877 -0.587829 0.155617 0.424495 0.964374 1 2 1
0 -0.0775273 0.479896 0.00369286 -0.793877 -0.587829 0.155617 0.424495 0.964374 1 2 1
Pii_HITOTUKI_body.png
0 0.187004 0.27329 -0.0738719 0 0.188981 -0.981981 0.192329 0.129986 2 2 0.8 3 0.2
0 0.253629 0.235517 -0.0811412 0 0.188981 -0.981981 0.0961643 0.0467048 2 2 0.8 3 0.2
0 0.253629 0.159972 -0.0956798 0 0.188981 -0.981981 -0.0961646 0.0467048 2 2 0.8 3 0.2
Pii_HITOTUKI_body.png
0 0.187004 0.27329 -0.0738719 0 0.188981 -0.981981 0.192329 0.129986 2 2 0.8 3 0.2
0 0.253629 0.159972 -0.0956798 0 0.188981 -0.981981 -0.0961646 0.0467048 2 2 0.8 3 0.2
0 0.187004 0.122199 -0.102949 0 0.188981 -0.981981 -0.192329 0.129986 2 2 0.8 3 0.2
Pii_HITOTUKI_body.png
0 0.187004 0.27329 -0.0738719 0 0.188981 -0.981981 0.192329 0.129986 2 2 0.8 3 0.2
0 0.187004 0.122199 -0.102949 0 0.188981 -0.981981 -0.192329 0.129986 2 2 0.8 3 0.2
0 0.12038 0.159972 -0.0956798 0 0.188981 -0.981981 -0.0961646 0.213266 2 2 0.8 3 0.2
Pii_HITOTUKI_body.png
0 0.187004 0.27329 -0.0738719 0 0.188981 -0.981981 0.192329 0.129986 2 2 0.8 3 0.2
0 0.12038 0.159972 -0.0956798 0 0.188981 -0.981981 -0.0961646 0.213266 2 2 0.8 3 0.2
0 0.12038 0.235517 -0.0811412 0 0.188981 -0.981981 0.0961643 0.213266 2 2 0.8 3 0.2
Pii_HITOTUKI_body.png
0 0.289486 0.349083 -0.0592856 0 0.188981 -0.981981 0.192329 0.125 2 2 0.8 3 0.2
0 0.356111 0.31131 -0.0665549 0 0.188981 -0.981981 0.0961643 0.0417192 2 2 0.8 3 0.2
0 0.356111 0.235765 -0.0810935 0 0.188981 -0.981981 -0.0961646 0.0417192 2 2 0.8 3 0.2
Pii_HITOTUKI_body.png
0 0.289486 0.349083 -0.0592856 0 0.188981 -0.981981 0.192329 0.125 2 2 0.8 3 0.2
0 0.356111 0.235765 -0.0810935 0 0.188981 -0.981981 -0.0961646 0.0417192 2 2 0.8 3 0.2
0 0.289486 0.197993 -0.0883628 0 0.188981 -0.981981 -0.192329 0.125 2 2 0.8 3 0.2
Pii_HITOTUKI_body.png
0 0.289486 0.349083 -0.0592856 0 0.188981 -0.981981 0.192329 0.125 2 2 0.8 3 0.2
0 0.289486 0.197993 -0.0883628 0 0.188981 -0.981981 -0.192329 0.125 2 2 0.8 3 0.2
0 0.222861 0.235765 -0.0810935 0 0.188981 -0.981981 -0.0961646 0.208281 2 2 0.8 3 0.2
Pii_HITOTUKI_body.png
0 0.289486 0.349083 -0.0592856 0 0.188981 -0.981981 0.192329 0.125 2 2 0.8 3 0.2
0 0.222861 0.235765 -0.0810935 0 0.188981 -0.981981 -0.0961646 0.208281 2 2 0.8 3 0.2
0 0.222861 0.31131 -0.0665549 0 0.188981 -0.981981 0.0961643 0.208281 2 2 0.8 3 0.2
Pii_HITOTUKI_body.png
0 0.289486 0.197498 -0.088458 0 0.188981 -0.981981 0.192329 0.125 2 2 0.8 3 0.2
0 0.356111 0.159725 -0.0957273 0 0.188981 -0.981981 0.0961643 0.0417192 2 2 0.8 3 0.2
0 0.356111 0.0841799 -0.110266 0 0.188981 -0.981981 -0.0961646 0.0417192 2 2 0.8 3 0.2
Pii_HITOTUKI_body.png
0 0.289486 0.197498 -0.088458 0 0.188981 -0.981981 0.192329 0.125 2 2 0.8 3 0.2
0 0.356111 0.0841799 -0.110266 0 0.188981 -0.981981 -0.0961646 0.0417192 2 2 0.8 3 0.2
0 0.289486 0.0464072 -0.117535 0 0.188981 -0.981981 -0.192329 0.125 2 2 0.8 3 0.2
Pii_HITOTUKI_body.png
0 0.289486 0.197498 -0.088458 0 0.188981 -0.981981 0.192329 0.125 2 2 0.8 3 0.2
0 0.289486 0.0464072 -0.117535 0 0.188981 -0.981981 -0.192329 0.125 2 2 0.8 3 0.2
0 0.222861 0.0841799 -0.110266 0 0.188981 -0.981981 -0.0961646 0.208281 2 2 0.8 3 0.2
Pii_HITOTUKI_body.png
0 0.289486 0.197498 -0.088458 0 0.188981 -0.981981 0.192329 0.125 2 2 0.8 3 0.2
0 0.222861 0.0841799 -0.110266 0 0.188981 -0.981981 -0.0961646 0.208281 2 2 0.8 3 0.2
0 0.222861 0.159725 -0.0957273 0 0.188981 -0.981981 0.0961643 0.208281 2 2 0.8 3 0.2
Pii_HITOTUKI_body.png
0 0.230979 0.248959 -0.0785586 -0.947536 0.31389 0.0604076 0.838905 0.309174 2 2 0.8 3 0.2
0 0.288858 0.340747 -0.153235 -0.795648 0.594844 0.114477 0.973595 0.227623 2 2 0.8 3 0.2
0 0.230979 0.266095 -0.167601 -0.947536 0.31389 0.0604076 0.973595 0.309174 2 2 0.8 3 0.2
Pii_HITOTUKI_body.png
0 0.230979 0.248959 -0.0785586 -0.947536 0.31389 0.0604076 0.838905 0.309174 2 2 0.8 3 0.2
0 0.288858 0.323611 -0.0641919 -0.795648 0.594844 0.114477 0.838905 0.227623 2 2 0.8 3 0.2
0 0.288858 0.340747 -0.153235 -0.795648 0.594844 0.114477 0.973595 0.227623 2 2 0.8 3 0.2
Pii_HITOTUKI_body.png
0 0.230979 0.248959 -0.0785586 -0.947536 0.31389 0.0604076 0.838905 0.309174 2 2 0.8 3 0.2
0 0.230979 0.266095 -0.167601 -0.947536 0.31389 0.0604076 0.973595 0.309174 2 2 0.8 3 0.2
