version 1
nodes
0 "ROOT" -1
1 "BODY" 0
2 "ARM" 1
3 "HEAD" 1
4 "TAIL" 1
end
skeleton
time 0
0 0 0 0 0 0 0
1 0 0.27593 0 0 0 0
2 0 0.0251772 -0.0239997 0 0 0
3 0 0.0990544 0.00454373 0 0 0
4 0 -0.138103 -0.0292818 0 0 0
end
triangles
Pii_KUZUMOO_body.png
0 -0.066709 0.0721817 -0.00193989 -0.567676 0.634416 -0.524653 0.768176 0.799429 1 4 1
0 -0.0299815 0.0808012 -0.0469708 -0.735795 0.388611 -0.554606 0.810438 0.801452 1 4 1
0 -0.0260412 0.0526126 -0.0696058 -0.567676 0.634416 -0.524653 0.831681 0.794838 1 4 1
Pii_KUZUMOO_body.png
0 -0.066709 0.0721817 -0.00193989 -0.567676 0.634416 -0.524653 0.768176 0.799429 1 4 1
0 -0.0430663 0.0870975 -0.0251994 -0.735795 0.388611 -0.554606 0.790005 0.802929 1 4 1
0 -0.0299815 0.0808012 -0.0469708 -0.735795 0.388611 -0.554606 0.810438 0.801452 1 4 1
Pii_KUZUMOO_body.png
0 -0.066709 0.0721817 -0.00193989 -0.567676 0.634416 -0.524653 0.768176 0.799429 1 4 1
0 -0.0260412 0.0526126 -0.0696058 -0.567676 0.634416 -0.524653 0.831681 0.794838 1 4 1
0 -0.0658938 0.00571275 -0.0873133 -0.517886 0.686874 -0.5099 0.848299 0.783834 1 4 1
Pii_KUZUMOO_body.png
0 -0.066709 0.0721817 -0.00193989 -0.567676 0.634416 -0.524653 0.768176 0.799429 1 4 1
0 -0.0299815 0.0808012 -0.0469708 -0.735795 0.388611 -0.554606 0.810438 0.801452 1 4 1
0 -0.0430663 0.0870975 -0.0251994 -0.735795 0.388611 -0.554606 0.790005 0.802929 1 4 1
Pii_KUZUMOO_body.png
0 -0.066709 0.0721817 -0.00193989 -0.567676 0.634416 -0.524653 0.768176 0.799429 1 4 1
0 -0.0260412 0.0526126 -0.0696058 -0.567676 0.634416 -0.524653 0.831681 0.794838 1 4 1
0 -0.0299815 0.0808012 -0.0469708 -0.735795 0.388611 -0.554606 0.810438 0.801452 1 4 1
Pii_KUZUMOO_body.png
0 -0.066709 0.0721817 -0.00193989 -0.567676 0.634416 -0.524653 0.768176 0.799429 1 4 1
0 -0.0658938 0.00571275 -0.0873133 -0.517886 0.686874 -0.5099 0.848299 0.783834 1 4 1
0 -0.112651 0.0282119 -0.00951591 -0.517886 0.686874 -0.5099 0.775286 0.789113 1 4 1
Pii_KUZUMOO_body.png
0 -0.066709 0.0721817 -0.00193989 -0.567676 0.634416 -0.524653 0.768176 0.799429 1 4 1
0 -0.0658938 0.00571275 -0.0873133 -0.517886 0.686874 -0.5099 0.848299 0.783834 1 4 1
0 -0.0260412 0.0526126 -0.0696058 -0.567676 0.634416 -0.524653 0.831681 0.794838 1 4 1
Pii_KUZUMOO_body.png
0 -0.066709 0.0721817 -0.00193989 -0.567676 0.634416 -0.524653 0.768176 0.799429 1 4 1
0 -0.112651 0.0282119 -0.00951591 -0.517886 0.686874 -0.5099 0.775286 0.789113 1 4 1
0 -0.0658938 0.00571275 -0.0873133 -0.517886 0.686874 -0.5099 0.848299 0.783834 1 4 1
Pii_KUZUMOO_body.png
0 -0.0430663 0.0870975 -0.0251994 -0.735795 0.388611 -0.554606 0.790005 0.802929 1 4 1
0 -0.000923791 0.135972 -0.029734 -0.658988 0.517587 -0.545745 0.794261 0.814396 1 4 1
0 -0.0299815 0.0808012 -0.0469708 -0.735795 0.388611 -0.554606 0.810438 0.801452 1 4 1
Pii_KUZUMOO_body.png
0 -0.0430663 0.0870975 -0.0251994 -0.735795 0.388611 -0.554606 0.790005 0.802929 1 4 1
0 -0.0299815 0.0808012 -0.0469708 -0.735795 0.388611 -0.554606 0.810438 0.801452 1 4 1
0 -0.000923791 0.135972 -0.029734 -0.658988 0.517587 -0.545745 0.794261 0.814396 1 4 1
Pii_KUZUMOO_body.png
0 -0.112651 0.0282119 -0.00951591 -0.517886 0.686874 -0.5099 0.775286 0.789113 1 4 1
0 -0.0658938 0.00571275 -0.0873133 -0.517886 0.686874 -0.5099 0.848299 0.783834 1 4 1
0 -0.114436 0.00697364 -0.0606497 -0.180618 0.910539 -0.371883 0.823275 0.78413 1 4 1
Pii_KUZUMOO_body.png
0 -0.112651 0.0282119 -0.00951591 -0.517886 0.686874 -0.5099 0.775286 0.789113 1 4 1
0 -0.114436 0.00697364 -0.0606497 -0.180618 0.910539 -0.371883 0.823275 0.78413 1 4 1
0 -0.0658938 0.00571275 -0.0873133 -0.517886 0.686874 -0.5099 0.848299 0.783834 1 4 1
Pii_KUZUMOO_body.png
0 0.0260412 0.0526126 -0.0696057 0.567676 0.634416 -0.524653 0.831681 0.794838 1 4 1
0 0.0430663 0.0870975 -0.0251994 0.735795 0.388611 -0.554606 0.790005 0.802929 1 4 1
0 0.066709 0.0721817 -0.00193988 0.567676 0.634416 -0.524653 0.768176 0.799429 1 4 1
Pii_KUZUMOO_body.png
0 0.0260412 0.0526126 -0.0696057 0.567676 0.634416 -0.524653 0.831681 0.794838 1 4 1
0 0.0299815 0.0808012 -0.0469708 0.735795 0.388611 -0.554606 0.810438 0.801452 1 4 1
0 0.0430663 0.0870975 -0.0251994 0.735795 0.388611 -0.554606 0.790005 0.802929 1 4 1
Pii_KUZUMOO_body.png
0 0.0260412 0.0526126 -0.0696057 0.567676 0.634416 -0.524653 0.831681 0.794838 1 4 1
0 0.066709 0.0721817 -0.00193988 0.567676 0.634416 -0.524653 0.768176 0.799429 1 4 1
0 0.112651 0.0282119 -0.00951591 0.517886 0.686874 -0.5099 0.775286 0.789113 1 4 1
Pii_KUZUMOO_body.png
0 0.0260412 0.0526126 -0.0696057 0.567676 0.634416 -0.524653 0.831681 0.794838 1 4 1
0 0.0430663 0.0870975 -0.0251994 0.735795 0.388611 -0.554606 0.790005 0.802929 1 4 1
0 0.0299815 0.0808012 -0.0469708 0.735795 0.388611 -0.554606 0.810438 0.801452 1 4 1
Pii_KUZUMOO_body.png
0 0.0260412 0.0526126 -0.0696057 0.567676 0.634416 -0.524653 0.831681 0.794838 1 4 1
0 0.066709 0.0721817 -0.00193988 0.567676 0.634416 -0.524653 0.768176 0.799429 1 4 1
0 0.0430663 0.0870975 -0.0251994 0.735795 0.388611 -0.554606 0.790005 0.802929 1 4 1
Pii_KUZUMOO_body.png
0 0.0260412 0.0526126 -0.0696057 0.567676 0.634416 -0.524653 0.831681 0.794838 1 4 1
0 0.112651 0.0282119 -0.00951591 0.517886 0.686874 -0.5099 0.775286 0.789113 1 4 1
0 0.0658938 0.00571275 -0.0873133 0.517886 0.686874 -0.5099 0.848299 0.783834 1 4 1
Pii_KUZUMOO_body.png
0 0.0260412 0.0526126 -0.0696057 0.567676 0.634416 -0.524653 0.831681 0.794838 1 4 1
0 0.112651 0.0282119 -0.00951591 0.517886 0.686874 -0.5099 0.775286 0.789113 1 4 1
0 0.066709 0.0721817 -0.00193988 0.567676 0.634416 -0.524653 0.768176 0.799429 1 4 1
Pii_KUZUMOO_body.png
0 0.0260412 0.0526126 -0.0696057 0.567676 0.634416 -0.524653 0.831681 0.794838 1 4 1
0 0.0658938 0.00571275 -0.0873133 0.517886 0.686874 -0.5099 0.848299 0.783834 1 4 1
0 0.112651 0.0282119 -0.00951591 0.517886 0.686874 -0.5099 0.775286 0.789113 1 4 1
Pii_KUZUMOO_body.png
0 0.0299815 0.0808012 -0.0469708 0.735795 0.388611 -0.554606 0.810438 0.801452 1 4 1
0 0.000923791 0.135972 -0.029734 0.658988 0.517587 -0.545745 0.794261 0.814396 1 4 1
0 0.0430663 0.0870975 -0.0251994 0.735795 0.388611 -0.554606 0.790005 0.802929 1 4 1
Pii_KUZUMOO_body.png
0 0.0299815 0.0808012 -0.0469708 0.735795 0.388611 -0.554606 0.810438 0.801452 1 4 1
0 0.0430663 0.0870975 -0.0251994 0.735795 0.388611 -0.554606 0.790005 0.802929 1 4 1
0 0.000923791 0.135972 -0.029734 0.658988 0.517587 -0.545745 0.794261 0.814396 1 4 1
Pii_KUZUMOO_body.png
0 0.0658938 0.00571275 -0.0873133 0.517886 0.686874 -0.5099 0.848299 0.783834 1 4 1
0 0.112651 0.0282119 -0.00951591 0.517886 0.686874 -0.5099 0.775286 0.789113 1 4 1
0 0.114436 0.00697364 -0.0606497 0.180618 0.910539 -0.371883 0.823275 0.78413 1 4 1
Pii_KUZUMOO_body.png
0 0.0658938 0.00571275 -0.0873133 0.517886 0.686874 -0.5099 0.848299 0.783834 1 4 1
0 0.114436 0.00697364 -0.0606497 0.180618 0.910539 -0.371883 0.823275 0.78413 1 4 1
0 0.112651 0.0282119 -0.00951591 0.517886 0.686874 -0.5099 0.775286 0.789113 1 4 1
Pii_KUZUMOO_body.png
0 0.0406678 0.0697404 0.0273622 0 0.785887 0.618371 0.740676 0.798857 1 4 1
0 -0.0130848 0.089959 0.0149991 0 0.567692 0.823241 0.752279 0.803601 1 4 1
0 -0.0406678 0.0697404 0.0273622 0 0.785887 0.618371 0.740676 0.798857 1 4 1
Pii_KUZUMOO_body.png
0 0.0406678 0.0697404 0.0273622 0 0.785887 0.618371 0.740676 0.798857 1 4 1
0 0.0130848 0.089959 0.0149991 0 0.567692 0.823241 0.752279 0.803601 1 4 1
0 -0.0130848 0.089959 0.0149991 0 0.567692 0.823241 0.752279 0.803601 1 4 1
Pii_KUZUMOO_body.png
0 0.0406678 0.0697404 0.0273622 0 0.785887 0.618371 0.740676 0.798857 1 4 1
0 -0.0406678 0.0697404 0.0273622 0 0.785887 0.618371 0.740676 0.798857 1 4 1
0 -0.046757 0.0320379 0.0787707 0 0.829359 0.558716 0.692429 0.790011 1 4 1
Pii_KUZUMOO_body.png
0 0.0406678 0.0697404 0.0273622 0 0.785887 0.618371 0.740676 0.798857 1 4 1
0 -0.0130848 0.089959 0.0149991 0 0.567692 0.823241 0.752279 0.803601 1 4 1
0 0.0130848 0.089959 0.0149991 0 0.567692 0.823241 0.752279 0.803601 1 4 1
Pii_KUZUMOO_body.png
0 0.0406678 0.0697404 0.0273622 0 0.785887 0.618371 0.740676 0.798857 1 4 1
0 -0.0406678 0.0697404 0.0273622 0 0.785887 0.618371 0.740676 0.798857 1 4 1
0 -0.0130848 0.089959 0.0149991 0 0.567692 0.823241 0.752279 0.803601 1 4 1
Pii_KUZUMOO_body.png
0 0.0406678 0.0697404 0.0273622 0 0.785887 0.618371 0.740676 0.798857 1 4 1
0 -0.046757 0.0320379 0.0787707 0 0.829359 0.558716 0.692429 0.790011 1 4 1
0 0.046757 0.0320379 0.0787707 0 0.829359 0.558716 0.692429 0.790011 1 4 1
Pii_KUZUMOO_body.png
0 0.0406678 0.0697404 0.0273622 0 0.785887 0.618371 0.740676 0.798857 1 4 1
0 -0.046757 0.0320379 0.0787707 0 0.829359 0.558716 0.692429 0.790011 1 4 1
0 -0.0406678 0.0697404 0.0273622 0 0.785887 0.618371 0.740676 0.798857 1 4 1
Pii_KUZUMOO_body.png
0 0.0406678 0.0697404 0.0273622 0 0.785887 0.618371 0.740676 0.798857 1 4 1
0 0.046757 0.0320379 0.0787707 0 0.829359 0.558716 0.692429 0.790011 1 4 1
0 -0.046757 0.0320379 0.0787707 0 0.829359 0.558716 0.692429 0.790011 1 4 1
Pii_KUZUMOO_body.png
0 0.0130848 0.089959 0.0149991 0 0.567692 0.823241 0.752279 0.803601 1 4 1
0 0 0.136134 -0.0283822 0 0.684718 0.728808 0.792992 0.814434 1 4 1
0 -0.0130848 0.089959 0.0149991 0 0.567692 0.823241 0.752279 0.803601 1 4 1
Pii_KUZUMOO_body.png
0 0.0130848 0.089959 0.0149991 0 0.567692 0.823241 0.752279 0.803601 1 4 1
0 -0.0130848 0.089959 0.0149991 0 0.567692 0.823241 0.752279 0.803601 1 4 1
0 0 0.136134 -0.0283822 0 0.684718 0.728808 0.792992 0.814434 1 4 1
Pii_KUZUMOO_body.png
0 0.046757 0.0320379 0.0787707 0 0.829359 0.558716 0.692429 0.790011 1 4 1
0 -0.046757 0.0320379 0.0787707 0 0.829359 0.558716 0.692429 0.790011 1 4 1
0 0 0.0272479 0.108092 0 0.986918 0.161224 0.664911 0.788887 1 4 1
Pii_KUZUMOO_body.png
0 0.046757 0.0320379 0.0787707 0 0.829359 0.558716 0.692429 0.790011 1 4 1
0 0 0.0272479 0.108092 0 0.986918 0.161224 0.664911 0.788887 1 4 1
0 -0.046757 0.0320379 0.0787707 0 0.829359 0.558716 0.692429 0.790011 1 4 1
Pii_KUZUMOO_body.png
0 0 0.814659 0.0118246 0 0.967232 0.253895 0.755258 0.973634 1 3 1
0 0 0.680807 -0.0626556 0 0.554051 -0.832483 0.825158 0.942229 1 3 1
0 -0.105377 0.65732 -0.0167491 -0.708591 0.571956 -0.413237 0.782075 0.936718 1 3 1
Pii_KUZUMOO_body.png
0 0 0.814659 0.0118246 0 0.967232 0.253895 0.755258 0.973634 1 3 1
0 0.105377 0.65732 -0.0167491 0.708591 0.571956 -0.413237 0.782075 0.936718 1 3 1
0 0 0.680807 -0.0626556 0 0.554051 -0.832483 0.825158 0.942229 1 3 1
Pii_KUZUMOO_body.png
0 0 0.814659 0.0118246 0 0.967232 0.253895 0.755258 0.973634 1 3 1
0 -0.105377 0.65732 -0.0167491 -0.708591 0.571956 -0.413237 0.782075 0.936718 1 3 1
0 -0.0961144 0.662742 0.0967943 -0.598587 0.64983 0.468417 0.675514 0.93799 1 3 1
Pii_KUZUMOO_body.png
0 0 0.814659 0.0118246 0 0.967232 0.253895 0.755258 0.973634 1 3 1
0 0.0961144 0.662742 0.0967943 0.598587 0.64983 0.468417 0.675514 0.93799 1 3 1
0 0.105377 0.65732 -0.0167491 0.708591 0.571956 -0.413237 0.782075 0.936718 1 3 1
Pii_KUZUMOO_body.png
0 0 0.814659 0.0118246 0 0.967232 0.253895 0.755258 0.973634 1 3 1
0 -0.0961144 0.662742 0.0967943 -0.598587 0.64983 0.468417 0.675514 0.93799 1 3 1
0 -0.0278516 0.687048 0.0952253 -0.153866 0.660764 0.734654 0.677197 0.941821 1 3 1
Pii_KUZUMOO_body.png
0 0 0.814659 0.0118246 0 0.967232 0.253895 0.755258 0.973634 1 3 1
0 0.0278516 0.687048 0.0952253 0.153866 0.660764 0.734654 0.678038 0.943737 1 3 1
0 0.0961144 0.662742 0.0967943 0.598587 0.64983 0.468417 0.675514 0.93799 1 3 1
Pii_KUZUMOO_body.png
0 0 0.814659 0.0118246 0 0.967232 0.253895 0.755258 0.973634 1 3 1
0 -0.0278516 0.687048 0.0952253 -0.153866 0.660764 0.734654 0.677197 0.941821 1 3 1
0 0.0278516 0.687048 0.0952253 0.153866 0.660764 0.734654 0.678038 0.943737 1 3 1
Pii_KUZUMOO_body.png
0 0 0.680807 -0.0626556 0 0.554051 -0.832483 0.825158 0.942229 1 3 1
0 -0.0651266 0.586135 -0.108049 -0.351214 0.37687 -0.857098 0.867759 0.920016 1 3 1
0 -0.105377 0.65732 -0.0167491 -0.708591 0.571956 -0.413237 0.782075 0.936718 1 3 1
Pii_KUZUMOO_body.png
0 0 0.680807 -0.0626556 0 0.554051 -0.832483 0.825158 0.942229 1 3 1
0 0.105377 0.65732 -0.0167491 0.708591 0.571956 -0.413237 0.782075 0.936718 1 3 1
0 0.0651266 0.586135 -0.108049 0.292956 0.345611 -0.891476 0.867759 0.920016 1 3 1
Pii_KUZUMOO_body.png
0 0 0.680807 -0.0626556 0 0.554051 -0.832483 0.825158 0.942229 1 3 1
0 0.0651266 0.586135 -0.108049 0.292956 0.345611 -0.891476 0.867759 0.920016 1 3 1
0 -0.0651266 0.586135 -0.108049 -0.351214 0.37687 -0.857098 0.867759 0.920016 1 3 1
Pii_KUZUMOO_body.png
0 -0.0961144 0.662742 0.0967943 -0.598587 0.64983 0.468417 0.675514 0.93799 1 3 1
0 -0.0975808 0.583213 0.169409 -0.594668 0.253506 0.762958 0.607365 0.91933 1 3 1
0 -0.0278516 0.687048 0.0952253 -0.153866 0.660764 0.734654 0.677197 0.941821 1 3 1
Pii_KUZUMOO_body.png
0 -0.0961144 0.662742 0.0967943 -0.598587 0.64983 0.468417 0.675514 0.93799 1 3 1
0 -0.105377 0.65732 -0.0167491 -0.708591 0.571956 -0.413237 0.782075 0.936718 1 3 1
0 -0.170504 0.580318 0.0711246 -0.96543 0.225045 0.131526 0.699605 0.918651 1 3 1
Pii_KUZUMOO_body.png
0 -0.0961144 0.662742 0.0967943 -0.598587 0.64983 0.468417 0.675514 0.93799 1 3 1
0 -0.170504 0.580318 0.0711246 -0.96543 0.225045 0.131526 0.699605 0.918651 1 3 1
0 -0.0975808 0.583213 0.169409 -0.594668 0.253506 0.762958 0.607365 0.91933 1 3 1
Pii_KUZUMOO_body.png
0 0.0961144 0.662742 0.0967943 0.598587 0.64983 0.468417 0.675514 0.93799 1 3 1
0 0.0278516 0.687048 0.0952253 0.153866 0.660764 0.734654 0.678038 0.943737 1 3 1
0 0.0975808 0.583213 0.169409 0.594668 0.253506 0.762958 0.607365 0.91933 1 3 1
Pii_KUZUMOO_body.png
0 0.0961144 0.662742 0.0967943 0.598587 0.64983 0.468417 0.675514 0.93799 1 3 1
0 0.170504 0.580318 0.0711246 0.96543 0.225045 0.131526 0.699605 0.918651 1 3 1
0 0.105377 0.65732 -0.0167491 0.708591 0.571956 -0.413237 0.782075 0.936718 1 3 1
Pii_KUZUMOO_body.png
0 0.0961144 0.662742 0.0967943 0.598587 0.64983 0.468417 0.675514 0.93799 1 3 1
0 0.0975808 0.583213 0.169409 0.594668 0.253506 0.762958 0.607365 0.91933 1 3 1
0 0.170504 0.580318 0.0711246 0.96543 0.225045 0.131526 0.699605 0.918651 1 3 1
Pii_KUZUMOO_body.png
0 0.0651266 0.586135 -0.108049 0.292956 0.345611 -0.891476 0.867759 0.920016 1 3 1
0 -0.0530427 0.496261 -0.123959 -0.276986 -0.172568 -0.945251 0.882691 0.898929 1 3 1
0 -0.0651266 0.586135 -0.108049 -0.351214 0.37687 -0.857098 0.867759 0.920016 1 3 1
Pii_KUZUMOO_body.png
0 0.0651266 0.586135 -0.108049 0.292956 0.345611 -0.891476 0.867759 0.920016 1 3 1
0 0.105377 0.65732 -0.0167491 0.708591 0.571956 -0.413237 0.782075 0.936718 1 3 1
0 0.140273 0.563188 -0.0533755 0.81339 0.076872 -0.576616 0.816448 0.914632 1 3 1
Pii_KUZUMOO_body.png
0 0.0651266 0.586135 -0.108049 0.292956 0.345611 -0.891476 0.867759 0.920016 1 3 1
0 0.0530427 0.496261 -0.123959 0.331255 -0.245205 -0.911123 0.882691 0.898929 1 3 1
0 -0.0530427 0.496261 -0.123959 -0.276986 -0.172568 -0.945251 0.882691 0.898929 1 3 1
Pii_KUZUMOO_body.png
0 0.0651266 0.586135 -0.108049 0.292956 0.345611 -0.891476 0.867759 0.920016 1 3 1
0 0.140273 0.563188 -0.0533755 0.81339 0.076872 -0.576616 0.816448 0.914632 1 3 1
0 0.0530427 0.496261 -0.123959 0.331255 -0.245205 -0.911123 0.882691 0.898929 1 3 1
Pii_KUZUMOO_body.png
0 0.105377 0.65732 -0.0167491 0.708591 0.571956 -0.413237 0.782075 0.936718 1 3 1
0 0.170504 0.580318 0.0711246 0.96543 0.225045 0.131526 0.699605 0.918651 1 3 1
0 0.140273 0.563188 -0.0533755 0.81339 0.076872 -0.576616 0.816448 0.914632 1 3 1
Pii_KUZUMOO_body.png
0 -0.0278516 0.687048 0.0952253 -0.153866 0.660764 0.734654 0.677197 0.941821 1 3 1
0 0 0.598442 0.207603 0 0.44779 0.894139 0.57152 0.922904 1 3 1
0 0.0278516 0.687048 0.0952253 0.153866 0.660764 0.734654 0.678038 0.943737 1 3 1
Pii_KUZUMOO_body.png
0 -0.0278516 0.687048 0.0952253 -0.153866 0.660764 0.734654 0.677197 0.941821 1 3 1
0 -0.0975808 0.583213 0.169409 -0.387227 0.409764 0.825923 0.607365 0.91933 1 3 1
0 0 0.598442 0.207603 0 0.44779 0.894139 0.57152 0.922904 1 3 1
Pii_KUZUMOO_body.png
0 -0.105377 0.65732 -0.0167491 -0.708591 0.571956 -0.413237 0.782075 0.936718 1 3 1
0 -0.140273 0.563188 -0.0533755 -0.813391 0.0768719 -0.576616 0.816448 0.914632 1 3 1
0 -0.170504 0.580318 0.0711246 -0.96543 0.225045 0.131526 0.699605 0.918651 1 3 1
Pii_KUZUMOO_body.png
0 -0.105377 0.65732 -0.0167491 -0.708591 0.571956 -0.413237 0.782075 0.936718 1 3 1
0 -0.0651266 0.586135 -0.108049 -0.351214 0.37687 -0.857098 0.867759 0.920016 1 3 1
0 -0.140273 0.563188 -0.0533755 -0.813391 0.0768719 -0.576616 0.816448 0.914632 1 3 1
Pii_KUZUMOO_body.png
0 -0.0651266 0.586135 -0.108049 -0.351214 0.37687 -0.857098 0.867759 0.920016 1 3 1
0 -0.0530427 0.496261 -0.123959 -0.276986 -0.172568 -0.945251 0.882691 0.898929 1 3 1
0 -0.140273 0.563188 -0.0533755 -0.813391 0.0768719 -0.576616 0.816448 0.914632 1 3 1
Pii_KUZUMOO_body.png
0 -0.0975808 0.583213 0.169409 -0.594668 0.253506 0.762958 0.607365 0.91933 1 3 1
0 -0.170504 0.580318 0.0711246 -0.96543 0.225045 0.131526 0.699605 0.918651 1 3 1
0 -0.123678 0.468108 0.138349 -0.668644 -0.673805 0.314485 0.633185 0.895232 1 3 1
Pii_KUZUMOO_body.png
0 -0.0975808 0.583213 0.169409 -0.594668 0.253506 0.762958 0.607365 0.91933 1 3 1
0 -0.123678 0.468108 0.138349 -0.668644 -0.673805 0.314485 0.633185 0.895232 1 3 1
0 -0.0470276 0.461525 0.20012 -0.832257 -0.418754 0.36331 0.578543 0.890779 1 3 1
Pii_KUZUMOO_body.png
0 -0.0975808 0.583213 0.169409 -0.594668 0.253506 0.762958 0.607365 0.91933 1 3 1
0 -0.0470276 0.461525 0.20012 -0.832257 -0.418754 0.36331 0.578543 0.890779 1 3 1
0 -0.0135657 0.486522 0.212057 -0.308244 0.342836 0.887383 0.571509 0.894433 1 3 1
Pii_KUZUMOO_body.png
0 -0.0975808 0.583213 0.169409 -0.387227 0.409764 0.825923 0.607365 0.91933 1 3 1
0 -0.0135657 0.486522 0.212057 -0.308244 0.342836 0.887383 0.571509 0.894433 1 3 1
0 0 0.598442 0.207603 0 0.44779 0.894139 0.57152 0.922904 1 3 1
Pii_KUZUMOO_body.png
0 0.0975808 0.583213 0.169409 0.594668 0.253506 0.762958 0.607365 0.91933 1 3 1
0 0.123678 0.468108 0.138349 0.668644 -0.673805 0.314485 0.633185 0.895232 1 3 1
0 0.170504 0.580318 0.0711246 0.96543 0.225045 0.131526 0.699605 0.918651 1 3 1
Pii_KUZUMOO_body.png
0 0.0975808 0.583213 0.169409 0.594668 0.253506 0.762958 0.607365 0.91933 1 3 1
0 0.0470276 0.461525 0.20012 0.832257 -0.418754 0.36331 0.578543 0.890779 1 3 1
0 0.123678 0.468108 0.138349 0.668644 -0.673805 0.314485 0.633185 0.895232 1 3 1
Pii_KUZUMOO_body.png
0 0.0975808 0.583213 0.169409 0.594668 0.253506 0.762958 0.607365 0.91933 1 3 1
0 0.0135657 0.486522 0.212057 0.257695 0.421542 0.869423 0.567991 0.89626 1 3 1
0 0.0470276 0.461525 0.20012 0.832257 -0.418754 0.36331 0.578543 0.890779 1 3 1
Pii_KUZUMOO_body.png
0 0.0530427 0.496261 -0.123959 0.331255 -0.245205 -0.911123 0.882691 0.898929 1 3 1
0 0.140273 0.563188 -0.0533755 0.81339 0.076872 -0.576616 0.816448 0.914632 1 3 1
0 0.0834379 0.433674 -0.0708213 0.755858 -0.641893 -0.129044 0.832821 0.884245 1 3 1
Pii_KUZUMOO_body.png
0 0.0530427 0.496261 -0.123959 0.331255 -0.245205 -0.911123 0.882691 0.898929 1 3 1
0 0 0.394979 -0.0608912 0 -0.704334 -0.709869 0.823502 0.875166 1 3 1
0 -0.0530427 0.496261 -0.123959 -0.276986 -0.172568 -0.945251 0.882691 0.898929 1 3 1
Pii_KUZUMOO_body.png
0 0.0530427 0.496261 -0.123959 0.331255 -0.245205 -0.911123 0.882691 0.898929 1 3 1
0 0.0834379 0.433674 -0.0708213 0.755858 -0.641893 -0.129044 0.832821 0.884245 1 3 1
0 0 0.394979 -0.0608912 0 -0.704334 -0.709869 0.823502 0.875166 1 3 1
Pii_KUZUMOO_body.png
0 0.0278516 0.687048 0.0952253 0.153866 0.660764 0.734654 0.678038 0.943737 1 3 1
0 0 0.598442 0.207603 0 0.44779 0.894139 0.57152 0.922904 1 3 1
0 0.0975808 0.583213 0.169409 0.387227 0.409764 0.825923 0.607365 0.91933 1 3 1
Pii_KUZUMOO_body.png
0 0 0.598442 0.207603 0 0.44779 0.894139 0.57152 0.922904 1 3 1
0 -0.0135657 0.486522 0.212057 -0.308244 0.342836 0.887383 0.571509 0.894433 1 3 1
0 0.0135657 0.486522 0.212057 0.257695 0.421542 0.869423 0.567991 0.89626 1 3 1
Pii_KUZUMOO_body.png
0 0 0.598442 0.207603 0 0.44779 0.894139 0.57152 0.922904 1 3 1
0 0.0135657 0.486522 0.212057 0.257695 0.421542 0.869423 0.567991 0.89626 1 3 1
0 0.0975808 0.583213 0.169409 0.387227 0.409764 0.825923 0.607365 0.91933 1 3 1
Pii_KUZUMOO_body.png
0 -0.140273 0.563188 -0.0533755 -0.813391 0.0768719 -0.576616 0.816448 0.914632 1 3 1
0 -0.143729 0.500184 -0.022518 -0.764063 -0.643278 -0.048992 0.787489 0.89985 1 3 1
0 -0.170504 0.580318 0.0711246 -0.96543 0.225045 0.131526 0.699605 0.918651 1 3 1
Pii_KUZUMOO_body.png
0 -0.140273 0.563188 -0.0533755 -0.813391 0.0768719 -0.576616 0.816448 0.914632 1 3 1
0 -0.0530427 0.496261 -0.123959 -0.276986 -0.172568 -0.945251 0.882691 0.898929 1 3 1
0 -0.0834379 0.433674 -0.0708213 -0.755858 -0.641893 -0.129044 0.832821 0.884245 1 3 1
Pii_KUZUMOO_body.png
0 -0.140273 0.563188 -0.0533755 -0.813391 0.0768719 -0.576616 0.816448 0.914632 1 3 1
0 -0.0834379 0.433674 -0.0708213 -0.755858 -0.641893 -0.129044 0.832821 0.884245 1 3 1
0 -0.143729 0.500184 -0.022518 -0.764063 -0.643278 -0.048992 0.787489 0.89985 1 3 1
Pii_KUZUMOO_body.png
0 -0.123678 0.468108 0.138349 -0.668644 -0.673805 0.314485 0.633185 0.895232 1 3 1
0 0.0470276 0.461525 0.20012 0.832257 -0.418754 0.36331 0.578543 0.890779 1 3 1
0 -0.0470276 0.461525 0.20012 -0.832257 -0.418754 0.36331 0.578543 0.890779 1 3 1
Pii_KUZUMOO_body.png
0 -0.123678 0.468108 0.138349 -0.668644 -0.673805 0.314485 0.633185 0.895232 1 3 1
0 -0.143729 0.500184 -0.022518 -0.764063 -0.643278 -0.048992 0.787489 0.89985 1 3 1
0 0.123678 0.468108 0.138349 0.668644 -0.673805 0.314485 0.633185 0.895232 1 3 1
Pii_KUZUMOO_body.png
0 -0.123678 0.468108 0.138349 -0.668644 -0.673805 0.314485 0.633185 0.895232 1 3 1
0 -0.170504 0.580318 0.0711246 -0.96543 0.225045 0.131526 0.699605 0.918651 1 3 1
0 -0.143729 0.500184 -0.022518 -0.764063 -0.643278 -0.048992 0.787489 0.89985 1 3 1
Pii_KUZUMOO_body.png
0 -0.123678 0.468108 0.138349 -0.668644 -0.673805 0.314485 0.633185 0.895232 1 3 1
0 0.123678 0.468108 0.138349 0.668644 -0.673805 0.314485 0.633185 0.895232 1 3 1
0 0.0470276 0.461525 0.20012 0.832257 -0.418754 0.36331 0.578543 0.890779 1 3 1
Pii_KUZUMOO_body.png
0 0 0.394979 -0.0608912 0 -0.704334 -0.709869 0.823502 0.875166 1 3 1
0 0.0834379 0.433674 -0.0708213 0.755858 -0.641893 -0.129044 0.832821 0.884245 1 3 1
0 -0.0834379 0.433674 -0.0708213 -0.755858 -0.641893 -0.129044 0.832821 0.884245 1 3 1
Pii_KUZUMOO_body.png
0 0 0.394979 -0.0608912 0 -0.704334 -0.709869 0.823502 0.875166 1 3 1
0 -0.0834379 0.433674 -0.0708213 -0.755858 -0.641893 -0.129044 0.832821 0.884245 1 3 1
0 -0.0530427 0.496261 -0.123959 -0.276986 -0.172568 -0.945251 0.882691 0.898929 1 3 1
Pii_KUZUMOO_body.png
0 0.170504 0.580318 0.0711246 0.96543 0.225045 0.131526 0.699605 0.918651 1 3 1
0 0.143729 0.500184 -0.022518 0.764063 -0.643278 -0.048992 0.787489 0.89985 1 3 1
0 0.140273 0.563188 -0.0533755 0.81339 0.076872 -0.576616 0.816448 0.914632 1 3 1
Pii_KUZUMOO_body.png
0 0.170504 0.580318 0.0711246 0.96543 0.225045 0.131526 0.699605 0.918651 1 3 1
0 0.123678 0.468108 0.138349 0.668644 -0.673805 0.314485 0.633185 0.895232 1 3 1
0 0.143729 0.500184 -0.022518 0.764063 -0.643278 -0.048992 0.787489 0.89985 1 3 1
Pii_KUZUMOO_body.png
0 0.143729 0.500184 -0.022518 0.764063 -0.643278 -0.048992 0.787489 0.89985 1 3 1
0 0.123678 0.468108 0.138349 0.668644 -0.673805 0.314485 0.633185 0.895232 1 3 1
0 -0.143729 0.500184 -0.022518 -0.764063 -0.643278 -0.048992 0.787489 0.89985 1 3 1
Pii_KUZUMOO_body.png
0 0.143729 0.500184 -0.022518 0.764063 -0.643278 -0.048992 0.787489 0.89985 1 3 1
0 0.0834379 0.433674 -0.0708213 0.755858 -0.641893 -0.129044 0.832821 0.884245 1 3 1
0 0.140273 0.563188 -0.0533755 0.81339 0.076872 -0.576616 0.816448 0.914632 1 3 1
Pii_KUZUMOO_body.png
0 0.143729 0.500184 -0.022518 0.764063 -0.643278 -0.048992 0.787489 0.89985 1 3 1
0 -0.143729 0.500184 -0.022518 -0.764063 -0.643278 -0.048992 0.787489 0.89985 1 3 1
0 -0.0834379 0.433674 -0.0708213 -0.755858 -0.641893 -0.129044 0.832821 0.884245 1 3 1
Pii_KUZUMOO_body.png
0 0.143729 0.500184 -0.022518 0.764063 -0.643278 -0.048992 0.787489 0.89985 1 3 1
0 -0.0834379 0.433674 -0.0708213 -0.755858 -0.641893 -0.129044 0.832821 0.884245 1 3 1
0 0.0834379 0.433674 -0.0708213 0.755858 -0.641893 -0.129044 0.832821 0.884245 1 3 1
Pii_KUZUMOO_body.png
0 -0.0135657 0.486522 0.212057 -0.308244 0.342836 0.887383 0.571509 0.894433 1 3 1
0 -0.0235138 0.438371 0.262989 -0.535779 0.106012 0.837677 0.519539 0.885347 1 3 1
0 0.0135657 0.486522 0.212057 0.257695 0.421542 0.869423 0.567991 0.89626 1 3 1
Pii_KUZUMOO_body.png
0 -0.0135657 0.486522 0.212057 -0.308244 0.342836 0.887383 0.571509 0.894433 1 3 1
0 -0.0470276 0.461525 0.20012 -0.832257 -0.418754 0.36331 0.578543 0.890779 1 3 1
0 -0.0235138 0.438371 0.262989 -0.535779 0.106012 0.837677 0.519539 0.885347 1 3 1
Pii_KUZUMOO_body.png
0 0.0470276 0.461525 0.20012 0.832257 -0.418754 0.36331 0.578543 0.890779 1 3 1
0 0.0135657 0.486522 0.212057 0.257695 0.421542 0.869423 0.567991 0.89626 1 3 1
0 0.0235138 0.438371 0.262989 0.687442 -0.302456 0.660261 0.519539 0.885347 1 3 1
Pii_KUZUMOO_body.png
0 0.0470276 0.461525 0.20012 0.832257 -0.418754 0.36331 0.578543 0.890779 1 3 1
0 0 0.433973 0.196376 0 -0.909694 -0.415278 0.582056 0.884315 1 3 1
0 -0.0470276 0.461525 0.20012 -0.832257 -0.418754 0.36331 0.578543 0.890779 1 3 1
Pii_KUZUMOO_body.png
0 0.0470276 0.461525 0.20012 0.832257 -0.418754 0.36331 0.578543 0.890779 1 3 1
0 0.0235138 0.438371 0.262989 0.687442 -0.302456 0.660261 0.519539 0.885347 1 3 1
0 0 0.433973 0.196376 0 -0.909694 -0.415278 0.582056 0.884315 1 3 1
Pii_KUZUMOO_body.png
0 -0.0235138 0.438371 0.262989 -0.535779 0.106012 0.837677 0.519539 0.885347 1 3 1
0 0.0235138 0.438371 0.262989 0.687442 -0.302456 0.660261 0.519539 0.885347 1 3 1
0 0.0135657 0.486522 0.212057 0.257695 0.421542 0.869423 0.567991 0.89626 1 3 1
Pii_KUZUMOO_body.png
0 -0.0235138 0.438371 0.262989 -0.535779 0.106012 0.837677 0.519539 0.885347 1 3 1
0 -0.0470276 0.461525 0.20012 -0.832257 -0.418754 0.36331 0.578543 0.890779 1 3 1
0 0 0.433973 0.196376 0 -0.909694 -0.415278 0.582056 0.884315 1 3 1
Pii_KUZUMOO_body.png
0 -0.0235138 0.438371 0.262989 -0.535779 0.106012 0.837677 0.519539 0.885347 1 3 1
0 0 0.433973 0.196376 0 -0.909694 -0.415278 0.582056 0.884315 1 3 1
0 0.0235138 0.438371 0.262989 0.687442 -0.302456 0.660261 0.519539 0.885347 1 3 1
Pii_KUZUMOO_body.png
0 0 0.340547 0.0655817 0 -0.998254 -0.0590751 0.754052 0.448094 1 3 1
0 0 0.394979 -0.0608912 0 -0.871244 -0.490851 0.837432 0.457066 1 3 1
0 0.0899702 0.37912 0.00846445 0.581132 -0.755567 -0.30233 0.791708 0.454452 1 3 1
Pii_KUZUMOO_body.png
0 0 0.340547 0.0655817 0 -0.998254 -0.0590751 0.754052 0.448094 1 3 1
0 -0.0899702 0.37912 0.00846445 -0.581132 -0.755567 -0.30233 0.791708 0.454452 1 3 1
0 0 0.394979 -0.0608912 0 -0.871244 -0.490851 0.837432 0.457066 1 3 1
Pii_KUZUMOO_body.png
0 0 0.340547 0.0655817 0 -0.998254 -0.0590751 0.754052 0.448094 1 3 1
0 0.0899702 0.37912 0.00846445 0.581132 -0.755567 -0.30233 0.791708 0.454452 1 3 1
0 0.0653119 0.358494 0.0930373 0.493944 -0.861462 0.117909 0.735951 0.451052 1 3 1
Pii_KUZUMOO_body.png
0 0 0.340547 0.0655817 0 -0.998254 -0.0590751 0.754052 0.448094 1 3 1
0 -0.0653119 0.358494 0.0930373 -0.493944 -0.861462 0.117909 0.735951 0.451052 1 3 1
0 -0.0899702 0.37912 0.00846445 -0.581132 -0.755567 -0.30233 0.791708 0.454452 1 3 1
Pii_KUZUMOO_body.png
0 0 0.340547 0.0655817 0 -0.998254 -0.0590751 0.754052 0.448094 1 3 1
0 0.0653119 0.358494 0.0930373 0.493944 -0.861462 0.117909 0.735951 0.451052 1 3 1
0 0.0314479 0.371145 0.181483 0.393743 -0.717681 0.57437 0.677642 0.453137 1 3 1
Pii_KUZUMOO_body.png
0 0 0.340547 0.0655817 0 -0.998254 -0.0590751 0.754052 0.448094 1 3 1
0 -0.0314479 0.371145 0.181483 -0.393743 -0.717681 0.57437 0.677642 0.453137 1 3 1
0 -0.0653119 0.358494 0.0930373 -0.493944 -0.861462 0.117909 0.735951 0.451052 1 3 1
Pii_KUZUMOO_body.png
0 0 0.340547 0.0655817 0 -0.998254 -0.0590751 0.754052 0.448094 1 3 1
0 0.0314479 0.371145 0.181483 0.393743 -0.717681 0.57437 0.677642 0.453137 1 3 1
0 -0.0314479 0.371145 0.181483 -0.393743 -0.717681 0.57437 0.677642 0.453137 1 3 1
Pii_KUZUMOO_body.png
0 0 0.394979 -0.0608912 0 -0.871244 -0.490851 0.837432 0.457066 1 3 1
0 0.0834379 0.433674 -0.0708213 0.6127 -0.626603 -0.48163 0.843979 0.463443 1 3 1
0 0.0899702 0.37912 0.00846445 0.581132 -0.755567 -0.30233 0.791708 0.454452 1 3 1
Pii_KUZUMOO_body.png
0 0 0.394979 -0.0608912 0 -0.871244 -0.490851 0.837432 0.457066 1 3 1
0 -0.0899702 0.37912 0.00846445 -0.581132 -0.755567 -0.30233 0.791708 0.454452 1 3 1
0 -0.0834379 0.433674 -0.0708213 -0.6127 -0.626603 -0.48163 0.843979 0.463443 1 3 1
Pii_KUZUMOO_body.png
0 0.0653119 0.358494 0.0930373 0.493944 -0.861462 0.117909 0.735951 0.451052 1 3 1
0 0.124168 0.413683 0.0772006 0.878008 -0.399541 0.263571 0.746392 0.460148 1 3 1
0 0.0314479 0.371145 0.181483 0.393743 -0.717681 0.57437 0.677642 0.453137 1 3 1
Pii_KUZUMOO_body.png
0 0.0653119 0.358494 0.0930373 0.493944 -0.861462 0.117909 0.735951 0.451052 1 3 1
0 0.0899702 0.37912 0.00846445 0.581132 -0.755567 -0.30233 0.791708 0.454452 1 3 1
0 0.124168 0.413683 0.0772006 0.878008 -0.399541 0.263571 0.746392 0.460148 1 3 1
Pii_KUZUMOO_body.png
0 -0.0653119 0.358494 0.0930373 -0.493944 -0.861462 0.117909 0.735951 0.451052 1 3 1
0 -0.0314479 0.371145 0.181483 -0.393743 -0.717681 0.57437 0.677642 0.453137 1 3 1
0 -0.124168 0.413683 0.0772006 -0.878008 -0.399541 0.263571 0.746392 0.460148 1 3 1
Pii_KUZUMOO_body.png
0 -0.0653119 0.358494 0.0930373 -0.493944 -0.861462 0.117909 0.735951 0.451052 1 3 1
0 -0.124168 0.413683 0.0772006 -0.878008 -0.399541 0.263571 0.746392 0.460148 1 3 1
0 -0.0899702 0.37912 0.00846445 -0.581132 -0.755567 -0.30233 0.791708 0.454452 1 3 1
Pii_KUZUMOO_body.png
0 0.0834379 0.433674 -0.0708213 0.6127 -0.626603 -0.48163 0.843979 0.463443 1 3 1
0 0.139098 0.512722 -0.0236213 0.947015 -0.278107 -0.160684 0.812861 0.476472 1 3 1
0 0.0899702 0.37912 0.00846445 0.581132 -0.755567 -0.30233 0.791708 0.454452 1 3 1
Pii_KUZUMOO_body.png
0 0.0899702 0.37912 0.00846445 0.581132 -0.755567 -0.30233 0.791708 0.454452 1 3 1
0 0.139098 0.512722 -0.0236213 0.947015 -0.278107 -0.160684 0.812861 0.476472 1 3 1
0 0.124168 0.413683 0.0772006 0.878008 -0.399541 0.263571 0.746392 0.460148 1 3 1
Pii_KUZUMOO_body.png
0 -0.0834379 0.433674 -0.0708213 -0.6127 -0.626603 -0.48163 0.843979 0.463443 1 3 1
0 -0.0899702 0.37912 0.00846445 -0.581132 -0.755567 -0.30233 0.791708 0.454452 1 3 1
0 -0.139098 0.512722 -0.0236213 -0.947015 -0.278106 -0.160684 0.812861 0.476472 1 3 1
Pii_KUZUMOO_body.png
0 -0.0899702 0.37912 0.00846445 -0.581132 -0.755567 -0.30233 0.791708 0.454452 1 3 1
0 -0.124168 0.413683 0.0772006 -0.878008 -0.399541 0.263571 0.746392 0.460148 1 3 1
0 -0.139098 0.512722 -0.0236213 -0.947015 -0.278106 -0.160684 0.812861 0.476472 1 3 1
Pii_KUZUMOO_body.png
0 0.0314479 0.371145 0.181483 0.393743 -0.717681 0.57437 0.677642 0.453137 1 3 1
0 -0.043543 0.464422 0.200696 -0.567153 -0.228019 0.791419 0.664975 0.468511 1 3 1
0 -0.0314479 0.371145 0.181483 -0.393743 -0.717681 0.57437 0.677642 0.453137 1 3 1
Pii_KUZUMOO_body.png
0 0.0314479 0.371145 0.181483 0.393743 -0.717681 0.57437 0.677642 0.453137 1 3 1
0 0.043543 0.464422 0.200696 0.567153 -0.22802 0.791419 0.664975 0.468511 1 3 1
0 -0.043543 0.464422 0.200696 -0.567153 -0.228019 0.791419 0.664975 0.468511 1 3 1
Pii_KUZUMOO_body.png
0 0.139098 0.512722 -0.0236213 0.947015 -0.278107 -0.160684 0.812861 0.476472 1 3 1
0 0.121916 0.497543 0.108478 0.92067 -0.114461 0.373183 0.725771 0.47397 1 3 1
0 0.124168 0.413683 0.0772006 0.878008 -0.399541 0.263571 0.746392 0.460148 1 3 1
Pii_KUZUMOO_body.png
0 -0.124168 0.413683 0.0772006 -0.878008 -0.399541 0.263571 0.746392 0.460148 1 3 1
0 -0.121916 0.497543 0.108478 -0.92067 -0.114461 0.373183 0.725771 0.47397 1 3 1
0 -0.139098 0.512722 -0.0236213 -0.947015 -0.278106 -0.160684 0.812861 0.476472 1 3 1
Pii_KUZUMOO_body.png
0 0.0252778 0.380685 0.248132 0.733446 0.666624 0.132928 0.633702 0.45471 1 3 1
0 -0.0308637 0.410225 0.30872 -0.41168 0.734742 0.539142 0.593758 0.459578 1 3 1
0 0.0308637 0.410225 0.30872 0.41168 0.734742 0.539142 0.593758 0.459578 1 3 1
Pii_KUZUMOO_body.png
0 0.0252778 0.380685 0.248132 0.733446 0.666624 0.132928 0.633702 0.45471 1 3 1
0 -0.0252778 0.380685 0.248132 -0.733446 0.666624 0.132928 0.633702 0.45471 1 3 1
0 -0.0308637 0.410225 0.30872 -0.41168 0.734742 0.539142 0.593758 0.459578 1 3 1
Pii_KUZUMOO_body.png
0 0.0252778 0.380685 0.248132 0.733446 0.666624 0.132928 0.633702 0.45471 1 3 1
0 0.0308637 0.410225 0.30872 0.41168 0.734742 0.539142 0.593758 0.459578 1 3 1
0 0.0308637 0.325045 0.334235 0.296986 -0.754351 0.585452 0.576936 0.445539 1 3 1
Pii_KUZUMOO_body.png
0 0.0252778 0.380685 0.248132 0.733446 0.666624 0.132928 0.633702 0.45471 1 3 1
0 -0.0393042 0.424682 0.174725 -0.718908 0.519115 0.462267 0.682096 0.461961 1 3 1
0 -0.0252778 0.380685 0.248132 -0.733446 0.666624 0.132928 0.633702 0.45471 1 3 1
Pii_KUZUMOO_body.png
0 0.0252778 0.380685 0.248132 0.733446 0.666624 0.132928 0.633702 0.45471 1 3 1
0 0.0308637 0.325045 0.334235 0.296986 -0.754351 0.585452 0.576936 0.445539 1 3 1
0 0.0252778 0.341931 0.206288 0.520918 -0.846495 -0.109957 0.661288 0.448322 1 3 1
Pii_KUZUMOO_body.png
0 0.0252778 0.380685 0.248132 0.733446 0.666624 0.132928 0.633702 0.45471 1 3 1
0 0.0393042 0.424682 0.174725 0.718908 0.519115 0.462267 0.682096 0.461961 1 3 1
0 -0.0393042 0.424682 0.174725 -0.718908 0.519115 0.462267 0.682096 0.461961 1 3 1
Pii_KUZUMOO_body.png
0 0.0252778 0.380685 0.248132 0.733446 0.666624 0.132928 0.633702 0.45471 1 3 1
0 0.0252778 0.341931 0.206288 0.520918 -0.846495 -0.109957 0.661288 0.448322 1 3 1
0 0.0393042 0.424682 0.174725 0.718908 0.519115 0.462267 0.682096 0.461961 1 3 1
Pii_KUZUMOO_body.png
0 0.0308637 0.410225 0.30872 0.41168 0.734742 0.539142 0.593758 0.459578 1 3 1
0 -0.0308637 0.410225 0.30872 -0.41168 0.734742 0.539142 0.593758 0.459578 1 3 1
0 0.0308637 0.325045 0.334235 0.296986 -0.754351 0.585452 0.576936 0.445539 1 3 1
Pii_KUZUMOO_body.png
0 -0.0252778 0.380685 0.248132 -0.733446 0.666624 0.132928 0.633702 0.45471 1 3 1
0 -0.0393042 0.424682 0.174725 -0.718908 0.519115 0.462267 0.682096 0.461961 1 3 1
0 -0.0252778 0.341931 0.206288 -0.520918 -0.846495 -0.109957 0.661288 0.448322 1 3 1
Pii_KUZUMOO_body.png
0 -0.0252778 0.380685 0.248132 -0.733446 0.666624 0.132928 0.633702 0.45471 1 3 1
0 -0.0308637 0.325045 0.334235 -0.296986 -0.754351 0.585452 0.576936 0.445539 1 3 1
0 -0.0308637 0.410225 0.30872 -0.41168 0.734742 0.539142 0.593758 0.459578 1 3 1
Pii_KUZUMOO_body.png
0 -0.0252778 0.380685 0.248132 -0.733446 0.666624 0.132928 0.633702 0.45471 1 3 1
0 -0.0252778 0.341931 0.206288 -0.520918 -0.846495 -0.109957 0.661288 0.448322 1 3 1
0 -0.0308637 0.325045 0.334235 -0.296986 -0.754351 0.585452 0.576936 0.445539 1 3 1
Pii_KUZUMOO_body.png
0 0.0308637 0.325045 0.334235 0.296986 -0.754351 0.585452 0.576936 0.445539 1 3 1
0 -0.0252778 0.341931 0.206288 -0.520918 -0.846495 -0.109957 0.661288 0.448322 1 3 1
0 0.0252778 0.341931 0.206288 0.520918 -0.846495 -0.109957 0.661288 0.448322 1 3 1
Pii_KUZUMOO_body.png
0 0.0308637 0.325045 0.334235 0.296986 -0.754351 0.585452 0.576936 0.445539 1 3 1
0 -0.0308637 0.410225 0.30872 -0.41168 0.734742 0.539142 0.593758 0.459578 1 3 1
0 -0.0308637 0.325045 0.334235 -0.296986 -0.754351 0.585452 0.576936 0.445539 1 3 1
Pii_KUZUMOO_body.png
0 0.0308637 0.325045 0.334235 0.296986 -0.754351 0.585452 0.576936 0.445539 1 3 1
0 -0.0308637 0.325045 0.334235 -0.296986 -0.754351 0.585452 0.576936 0.445539 1 3 1
0 -0.0252778 0.341931 0.206288 -0.520918 -0.846495 -0.109957 0.661288 0.448322 1 3 1
Pii_KUZUMOO_body.png
0 0.0393042 0.424682 0.174725 0.718908 0.519115 0.462267 0.682096 0.461961 1 3 1
0 0.0252778 0.341931 0.206288 0.520918 -0.846495 -0.109957 0.661288 0.448322 1 3 1
0 0.0393042 0.364175 0.134947 0.664521 -0.738713 -0.112762 0.708321 0.451988 1 3 1
Pii_KUZUMOO_body.png
0 0.0252778 0.341931 0.206288 0.520918 -0.846495 -0.109957 0.661288 0.448322 1 3 1
0 -0.0252778 0.341931 0.206288 -0.520918 -0.846495 -0.109957 0.661288 0.448322 1 3 1
0 0.0393042 0.364175 0.134947 0.664521 -0.738713 -0.112762 0.708321 0.451988 1 3 1
Pii_KUZUMOO_body.png
0 -0.0393042 0.424682 0.174725 -0.718908 0.519115 0.462267 0.682096 0.461961 1 3 1
0 -0.0393042 0.364175 0.134947 -0.664521 -0.738713 -0.112762 0.708321 0.451988 1 3 1
0 -0.0252778 0.341931 0.206288 -0.520918 -0.846495 -0.109957 0.661288 0.448322 1 3 1
Pii_KUZUMOO_body.png
0 -0.0252778 0.341931 0.206288 -0.520918 -0.846495 -0.109957 0.661288 0.448322 1 3 1
0 -0.0393042 0.364175 0.134947 -0.664521 -0.738713 -0.112762 0.708321 0.451988 1 3 1
0 0.0393042 0.364175 0.134947 0.664521 -0.738713 -0.112762 0.708321 0.451988 1 3 1
Pii_KUZUMOO_body.png
0 -0.0915345 0.283595 -0.00601337 -0.988813 -0.138662 0.0549769 0.771999 0.849033 1 1 1
0 -0.0481252 0.289373 -0.0910645 -0.606814 0.108059 -0.787464 0.85182 0.850388 1 1 1
0 -0.0634155 0.216838 -0.0396118 -0.868647 -0.444318 -0.219166 0.803531 0.83337 1 1 1
Pii_KUZUMOO_body.png
0 -0.0915345 0.283595 -0.00601337 -0.988813 -0.138662 0.0549769 0.771999 0.849033 1 1 1
0 -0.0353813 0.360193 -0.0603151 -0.369408 0.767384 -0.52408 0.822961 0.867004 1 1 1
0 -0.0481252 0.289373 -0.0910645 -0.606814 0.108059 -0.787464 0.85182 0.850388 1 1 1
Pii_KUZUMOO_body.png
0 -0.0915345 0.283595 -0.00601337 -0.988813 -0.138662 0.0549769 0.771999 0.849033 1 1 1
0 -0.0634155 0.216838 -0.0396118 -0.868647 -0.444318 -0.219166 0.803531 0.83337 1 1 1
0 -0.0330725 0.198761 0.0149527 -0.54557 -0.65696 0.520343 0.752322 0.829128 1 1 1
Pii_KUZUMOO_body.png
0 -0.0915345 0.283595 -0.00601337 -0.988813 -0.138662 0.0549769 0.771999 0.849033 1 1 1
0 -0.0707627 0.351552 0.000904712 -0.725961 0.671455 0.148758 0.765506 0.864977 1 1 1
0 -0.0353813 0.360193 -0.0603151 -0.369408 0.767384 -0.52408 0.822961 0.867004 1 1 1
Pii_KUZUMOO_body.png
0 -0.0915345 0.283595 -0.00601337 -0.988813 -0.138662 0.0549769 0.771999 0.849033 1 1 1
0 -0.0330725 0.198761 0.0149527 -0.54557 -0.65696 0.520343 0.752322 0.829128 1 1 1
0 -0.0481253 0.256121 0.07373 -0.529547 -0.248597 0.811036 0.69716 0.842586 1 1 1
Pii_KUZUMOO_body.png
0 -0.0915345 0.283595 -0.00601337 -0.988813 -0.138662 0.0549769 0.771999 0.849033 1 1 1
0 -0.0353814 0.335931 0.0553837 -0.336913 0.555912 0.759902 0.714378 0.861312 1 1 1
0 -0.0707627 0.351552 0.000904712 -0.725961 0.671455 0.148758 0.765506 0.864977 1 1 1
Pii_KUZUMOO_body.png
0 -0.0915345 0.283595 -0.00601337 -0.988813 -0.138662 0.0549769 0.771999 0.849033 1 1 1
0 -0.0481253 0.256121 0.07373 -0.529547 -0.248597 0.811036 0.69716 0.842586 1 1 1
0 -0.0353814 0.335931 0.0553837 -0.336913 0.555912 0.759902 0.714378 0.861312 1 1 1
Pii_KUZUMOO_body.png
0 -0.0481252 0.289373 -0.0910645 -0.606814 0.108059 -0.787464 0.85182 0.850388 1 1 1
0 -0.0330725 0.235156 -0.0949061 -0.419193 -0.366566 -0.830606 0.855425 0.837667 1 1 1
0 -0.0634155 0.216838 -0.0396118 -0.868647 -0.444318 -0.219166 0.803531 0.83337 1 1 1
Pii_KUZUMOO_body.png
0 -0.0481252 0.289373 -0.0910645 -0.606814 0.108059 -0.787464 0.85182 0.850388 1 1 1
0 -0.0353813 0.360193 -0.0603151 -0.369408 0.767384 -0.52408 0.822961 0.867004 1 1 1
0 0.0353815 0.360193 -0.060315 0.369409 0.767384 -0.52408 0.822961 0.867004 1 1 1
Pii_KUZUMOO_body.png
0 -0.0481252 0.289373 -0.0910645 -0.606814 0.108059 -0.787464 0.85182 0.850388 1 1 1
0 0.0481254 0.289373 -0.0910645 0.606814 0.108059 -0.787464 0.85182 0.850388 1 1 1
0 -0.0330725 0.235156 -0.0949061 -0.419193 -0.366566 -0.830606 0.855425 0.837667 1 1 1
Pii_KUZUMOO_body.png
0 -0.0481252 0.289373 -0.0910645 -0.606814 0.108059 -0.787464 0.85182 0.850388 1 1 1
0 0.0353815 0.360193 -0.060315 0.369409 0.767384 -0.52408 0.822961 0.867004 1 1 1
0 0.0481254 0.289373 -0.0910645 0.606814 0.108059 -0.787464 0.85182 0.850388 1 1 1
Pii_KUZUMOO_body.png
0 -0.0330725 0.198761 0.0149527 -0.54557 -0.65696 0.520343 0.752322 0.829128 1 1 1
0 -0.0634155 0.216838 -0.0396118 -0.868647 -0.444318 -0.219166 0.803531 0.83337 1 1 1
0 0 0.139439 -0.0291599 0 -0.984492 -0.175432 0.793722 0.81521 1 1 1
Pii_KUZUMOO_body.png
0 -0.0634155 0.216838 -0.0396118 -0.868647 -0.444318 -0.219166 0.803531 0.83337 1 1 1
0 -0.0330725 0.235156 -0.0949061 -0.419193 -0.366566 -0.830606 0.855425 0.837667 1 1 1
