version 1
nodes
0 "ROOT" -1
1 "BODY" 0
2 "ARM" 1
3 "HEAD" 1
4 "LEG" 1
5 "TAIL" 1
end
skeleton
time 0
0 0 0 0 0 0 0
1 0 0.296569 0 0 0 0
2 0 -0.00534359 0.0534358 0 0 0
3 0 0.192369 0.138933 0 0 0
4 0 -0.152292 0 0 0 0
5 0 -0.013359 -0.200384 0 0 0
end
triangles
Pii_GATIGORASU_body.png
0 0.0315477 0.288549 0.516252 0.125086 -0.812444 0.569464 0.572975 0.952049 1 3 1
0 -0.0315477 0.288549 0.516252 -0.125087 -0.81244 0.569469 0.559716 0.952049 1 3 1
0 0 0.244884 0.494984 0 -0.899195 0.437548 0.566346 0.947461 1 3 1
Pii_GATIGORASU_body.png
0 0.0315477 0.288549 0.516252 0.125086 -0.812444 0.569464 0.572975 0.952049 1 3 1
0 0 0.303066 0.542608 0 -0.891364 0.453289 0.566346 0.953574 1 3 1
0 -0.0315477 0.288549 0.516252 -0.125087 -0.81244 0.569469 0.559716 0.952049 1 3 1
Pii_GATIGORASU_body.png
0 0.0315477 0.288549 0.516252 0.125086 -0.812444 0.569464 0.572975 0.952049 1 3 1
0 0 0.244884 0.494984 0 -0.899195 0.437548 0.566346 0.947461 1 3 1
0 -0.0315477 0.288549 0.516252 -0.125087 -0.81244 0.569469 0.559716 0.952049 1 3 1
Pii_GATIGORASU_body.png
0 0.0315477 0.288549 0.516252 0.125086 -0.812444 0.569464 0.572975 0.952049 1 3 1
0 0.132494 0.350234 0.510844 0.552591 -0.680085 0.481796 0.594188 0.95853 1 3 1
0 0 0.303066 0.542608 0 -0.891364 0.453289 0.566346 0.953574 1 3 1
Pii_GATIGORASU_body.png
0 0.0315477 0.288549 0.516252 0.125086 -0.812444 0.569464 0.572975 0.952049 1 3 1
0 -0.0315477 0.288549 0.516252 -0.125087 -0.81244 0.569469 0.559716 0.952049 1 3 1
0 0 0.303066 0.542608 0 -0.891364 0.453289 0.566346 0.953574 1 3 1
Pii_GATIGORASU_body.png
0 0.0315477 0.288549 0.516252 0.125086 -0.812444 0.569464 0.572975 0.952049 1 3 1
0 0.0924729 0.307438 0.499646 0.381688 -0.778723 0.497901 0.585778 0.954034 1 3 1
0 0.132494 0.350234 0.510844 0.552591 -0.680085 0.481796 0.594188 0.95853 1 3 1
Pii_GATIGORASU_body.png
0 0.0315477 0.288549 0.516252 0.125086 -0.812444 0.569464 0.572975 0.952049 1 3 1
0 0 0.303066 0.542608 0 -0.891364 0.453289 0.566346 0.953574 1 3 1
0 0.132494 0.350234 0.510844 0.552591 -0.680085 0.481796 0.594188 0.95853 1 3 1
Pii_GATIGORASU_body.png
0 0.0315477 0.288549 0.516252 0.125086 -0.812444 0.569464 0.572975 0.952049 1 3 1
0 0.0727121 0.264751 0.491002 0.291464 -0.827965 0.479084 0.581625 0.949548 1 3 1
0 0.0924729 0.307438 0.499646 0.381688 -0.778723 0.497901 0.585778 0.954034 1 3 1
Pii_GATIGORASU_body.png
0 0.0315477 0.288549 0.516252 0.125086 -0.812444 0.569464 0.572975 0.952049 1 3 1
0 0.132494 0.350234 0.510844 0.552591 -0.680085 0.481796 0.594188 0.95853 1 3 1
0 0.0924729 0.307438 0.499646 0.381688 -0.778723 0.497901 0.585778 0.954034 1 3 1
Pii_GATIGORASU_body.png
0 0.0315477 0.288549 0.516252 0.125086 -0.812444 0.569464 0.572975 0.952049 1 3 1
0 0.0924729 0.307438 0.499646 0.381688 -0.778723 0.497901 0.585778 0.954034 1 3 1
0 0.0727121 0.264751 0.491002 0.291464 -0.827965 0.479084 0.581625 0.949548 1 3 1
Pii_GATIGORASU_body.png
0 -0.0315477 0.288549 0.516252 -0.125087 -0.81244 0.569469 0.559716 0.952049 1 3 1
0 0 0.303066 0.542608 0 -0.891364 0.453289 0.566346 0.953574 1 3 1
0 -0.132494 0.350234 0.510844 -0.552607 -0.68006 0.481812 0.538503 0.95853 1 3 1
Pii_GATIGORASU_body.png
0 -0.0315477 0.288549 0.516252 -0.125087 -0.81244 0.569469 0.559716 0.952049 1 3 1
0 -0.132494 0.350234 0.510844 -0.552607 -0.68006 0.481812 0.538503 0.95853 1 3 1
0 0 0.303066 0.542608 0 -0.891364 0.453289 0.566346 0.953574 1 3 1
Pii_GATIGORASU_body.png
0 -0.0315477 0.288549 0.516252 -0.125087 -0.81244 0.569469 0.559716 0.952049 1 3 1
0 -0.132494 0.350234 0.510844 -0.552607 -0.68006 0.481812 0.538503 0.95853 1 3 1
0 -0.0924729 0.307438 0.499646 -0.381693 -0.77871 0.497917 0.546914 0.954034 1 3 1
Pii_GATIGORASU_body.png
0 -0.0315477 0.288549 0.516252 -0.125087 -0.81244 0.569469 0.559716 0.952049 1 3 1
0 -0.0924729 0.307438 0.499646 -0.381693 -0.77871 0.497917 0.546914 0.954034 1 3 1
0 -0.132494 0.350234 0.510844 -0.552607 -0.68006 0.481812 0.538503 0.95853 1 3 1
Pii_GATIGORASU_body.png
0 -0.0315477 0.288549 0.516252 -0.125087 -0.81244 0.569469 0.559716 0.952049 1 3 1
0 -0.0924729 0.307438 0.499646 -0.381693 -0.77871 0.497917 0.546914 0.954034 1 3 1
0 -0.0727121 0.264751 0.491002 -0.291466 -0.827956 0.479099 0.551066 0.949548 1 3 1
Pii_GATIGORASU_body.png
0 -0.0315477 0.288549 0.516252 -0.125087 -0.81244 0.569469 0.559716 0.952049 1 3 1
0 -0.0727121 0.264751 0.491002 -0.291466 -0.827956 0.479099 0.551066 0.949548 1 3 1
0 -0.0924729 0.307438 0.499646 -0.381693 -0.77871 0.497917 0.546914 0.954034 1 3 1
Pii_GATIGORASU_body.png
0 0.132494 0.350234 0.510844 0.552591 -0.680085 0.481796 0.594188 0.95853 1 3 1
0 0.0924729 0.307438 0.499646 0.381688 -0.778723 0.497901 0.585778 0.954034 1 3 1
0 0.146328 0.333008 0.478766 0.602092 -0.696411 0.390508 0.597095 0.95672 1 3 1
Pii_GATIGORASU_body.png
0 0.132494 0.350234 0.510844 0.552591 -0.680085 0.481796 0.594188 0.95853 1 3 1
0 0.146328 0.333008 0.478766 0.602092 -0.696411 0.390508 0.597095 0.95672 1 3 1
0 0.0924729 0.307438 0.499646 0.381688 -0.778723 0.497901 0.585778 0.954034 1 3 1
Pii_GATIGORASU_body.png
0 0.132494 0.350234 0.510844 0.552591 -0.680085 0.481796 0.594188 0.95853 1 3 1
0 0.146328 0.333008 0.478766 0.602092 -0.696411 0.390508 0.597095 0.95672 1 3 1
0 0.166029 0.373174 0.491511 0.749541 -0.557395 0.35707 0.601235 0.96094 1 3 1
Pii_GATIGORASU_body.png
0 0.132494 0.350234 0.510844 0.552591 -0.680085 0.481796 0.594188 0.95853 1 3 1
0 0.166029 0.373174 0.491511 0.749541 -0.557395 0.35707 0.601235 0.96094 1 3 1
0 0.146328 0.333008 0.478766 0.602092 -0.696411 0.390508 0.597095 0.95672 1 3 1
Pii_GATIGORASU_body.png
0 -0.132494 0.350234 0.510844 -0.552607 -0.68006 0.481812 0.538503 0.95853 1 3 1
0 -0.146328 0.333008 0.478766 -0.602105 -0.696385 0.390535 0.535596 0.95672 1 3 1
0 -0.0924729 0.307438 0.499646 -0.381693 -0.77871 0.497917 0.546914 0.954034 1 3 1
Pii_GATIGORASU_body.png
0 -0.132494 0.350234 0.510844 -0.552607 -0.68006 0.481812 0.538503 0.95853 1 3 1
0 -0.166029 0.373174 0.491511 -0.749618 -0.557263 0.357115 0.531457 0.96094 1 3 1
0 -0.146328 0.333008 0.478766 -0.602105 -0.696385 0.390535 0.535596 0.95672 1 3 1
Pii_GATIGORASU_body.png
0 -0.132494 0.350234 0.510844 -0.552607 -0.68006 0.481812 0.538503 0.95853 1 3 1
0 -0.0924729 0.307438 0.499646 -0.381693 -0.77871 0.497917 0.546914 0.954034 1 3 1
0 -0.146328 0.333008 0.478766 -0.602105 -0.696385 0.390535 0.535596 0.95672 1 3 1
Pii_GATIGORASU_body.png
0 -0.132494 0.350234 0.510844 -0.552607 -0.68006 0.481812 0.538503 0.95853 1 3 1
0 -0.146328 0.333008 0.478766 -0.602105 -0.696385 0.390535 0.535596 0.95672 1 3 1
0 -0.166029 0.373174 0.491511 -0.749618 -0.557263 0.357115 0.531457 0.96094 1 3 1
Pii_GATIGORASU_body.png
0 0.0924729 0.307438 0.499646 0.381688 -0.778723 0.497901 0.585778 0.954034 1 3 1
0 0.162586 0.294515 0.472094 0.605915 -0.720012 0.338304 0.600511 0.952676 1 3 1
0 0.146328 0.333008 0.478766 0.602092 -0.696411 0.390508 0.597095 0.95672 1 3 1
Pii_GATIGORASU_body.png
0 0.0924729 0.307438 0.499646 0.381688 -0.778723 0.497901 0.585778 0.954034 1 3 1
0 0.146328 0.333008 0.478766 0.602092 -0.696411 0.390508 0.597095 0.95672 1 3 1
0 0.162586 0.294515 0.472094 0.605915 -0.720012 0.338304 0.600511 0.952676 1 3 1
Pii_GATIGORASU_body.png
0 0.166029 0.373174 0.491511 0.749541 -0.557395 0.35707 0.601235 0.96094 1 3 1
0 0.146328 0.333008 0.478766 0.602092 -0.696411 0.390508 0.597095 0.95672 1 3 1
0 0.194437 0.346756 0.459437 0.735407 -0.60269 0.309744 0.607204 0.958165 1 3 1
Pii_GATIGORASU_body.png
0 0.166029 0.373174 0.491511 0.749541 -0.557395 0.35707 0.601235 0.96094 1 3 1
0 0.194437 0.346756 0.459437 0.735407 -0.60269 0.309744 0.607204 0.958165 1 3 1
0 0.146328 0.333008 0.478766 0.602092 -0.696411 0.390508 0.597095 0.95672 1 3 1
Pii_GATIGORASU_body.png
0 -0.0924729 0.307438 0.499646 -0.381693 -0.77871 0.497917 0.546914 0.954034 1 3 1
0 -0.146328 0.333008 0.478766 -0.602105 -0.696385 0.390535 0.535596 0.95672 1 3 1
0 -0.162586 0.294515 0.472094 -0.605922 -0.719993 0.338332 0.53218 0.952676 1 3 1
Pii_GATIGORASU_body.png
0 -0.0924729 0.307438 0.499646 -0.381693 -0.77871 0.497917 0.546914 0.954034 1 3 1
0 -0.162586 0.294515 0.472094 -0.605922 -0.719993 0.338332 0.53218 0.952676 1 3 1
0 -0.146328 0.333008 0.478766 -0.602105 -0.696385 0.390535 0.535596 0.95672 1 3 1
Pii_GATIGORASU_body.png
0 -0.166029 0.373174 0.491511 -0.749618 -0.557263 0.357115 0.531457 0.96094 1 3 1
0 -0.194437 0.346756 0.459437 -0.735448 -0.602624 0.309777 0.525487 0.958165 1 3 1
0 -0.146328 0.333008 0.478766 -0.602105 -0.696385 0.390535 0.535596 0.95672 1 3 1
Pii_GATIGORASU_body.png
0 -0.166029 0.373174 0.491511 -0.749618 -0.557263 0.357115 0.531457 0.96094 1 3 1
0 -0.146328 0.333008 0.478766 -0.602105 -0.696385 0.390535 0.535596 0.95672 1 3 1
0 -0.194437 0.346756 0.459437 -0.735448 -0.602624 0.309777 0.525487 0.958165 1 3 1
Pii_GATIGORASU_body.png
0 0 0.38962 0.0986176 0 -0.754586 -0.656201 0.5625 0.976061 1 1 1
0 0 0.59698 -0.0953236 0 -0.683081 -0.730343 0.5625 0.993655 1 1 1
0 0.0681422 0.49269 0.0237182 0.0977347 -0.626526 -0.773248 0.574864 0.982856 1 1 1
Pii_GATIGORASU_body.png
0 0 0.38962 0.0986176 0 -0.754586 -0.656201 0.5625 0.976061 1 1 1
0 -0.0681422 0.49269 0.0237182 -0.0977347 -0.626527 -0.773248 0.550136 0.982856 1 1 1
0 0 0.59698 -0.0953236 0 -0.683081 -0.730343 0.5625 0.993655 1 1 1
Pii_GATIGORASU_body.png
0 0 0.38962 0.0986176 0 -0.754586 -0.656201 0.5625 0.976061 1 1 1
0 0.0681422 0.49269 0.0237182 0.0977347 -0.626526 -0.773248 0.574864 0.982856 1 1 1
0 0.177853 0.522123 -0.00987766 0.082009 -0.694986 -0.714331 0.59477 0.985904 1 1 1
Pii_GATIGORASU_body.png
0 0 0.38962 0.0986176 0 -0.754586 -0.656201 0.5625 0.976061 1 1 1
0 -0.177853 0.522123 -0.00987766 -0.082009 -0.694986 -0.714331 0.53023 0.985904 1 1 1
0 -0.0681422 0.49269 0.0237182 -0.0977347 -0.626527 -0.773248 0.550136 0.982856 1 1 1
Pii_GATIGORASU_body.png
0 0 0.38962 0.0986176 0 -0.754586 -0.656201 0.5625 0.976061 1 1 1
0 0.177853 0.522123 -0.00987766 0.082009 -0.694986 -0.714331 0.59477 0.985904 1 1 1
0 0.119492 0.44737 0.0754477 0.169631 -0.648661 -0.741933 0.584181 0.978163 1 1 1
Pii_GATIGORASU_body.png
0 0 0.38962 0.0986176 0 -0.754586 -0.656201 0.5625 0.976061 1 1 1
0 -0.119492 0.44737 0.0754477 -0.169631 -0.648661 -0.741933 0.540819 0.978163 1 1 1
0 -0.177853 0.522123 -0.00987766 -0.082009 -0.694986 -0.714331 0.53023 0.985904 1 1 1
Pii_GATIGORASU_body.png
0 0 0.38962 0.0986176 0 -0.754586 -0.656201 0.5625 0.976061 1 1 1
0 0.119492 0.44737 0.0754477 0.169631 -0.648661 -0.741933 0.584181 0.978163 1 1 1
0 0.238189 0.456525 0.0649982 0.139454 -0.793885 -0.591861 0.605718 0.979111 1 1 1
Pii_GATIGORASU_body.png
0 0 0.38962 0.0986176 0 -0.754586 -0.656201 0.5625 0.976061 1 1 1
0 -0.238189 0.456525 0.0649982 -0.139455 -0.793885 -0.591861 0.519282 0.979111 1 1 1
0 -0.119492 0.44737 0.0754477 -0.169631 -0.648661 -0.741933 0.540819 0.978163 1 1 1
Pii_GATIGORASU_body.png
0 0 0.38962 0.0986176 0 -0.754586 -0.656201 0.5625 0.976061 1 1 1
0 0.238189 0.456525 0.0649982 0.139454 -0.793885 -0.591861 0.605718 0.979111 1 1 1
0 0.139379 0.403492 0.125532 0.194945 -0.763016 -0.616281 0.58779 0.973619 1 1 1
Pii_GATIGORASU_body.png
0 0 0.38962 0.0986176 0 -0.754586 -0.656201 0.5625 0.976061 1 1 1
0 -0.139379 0.403492 0.125532 -0.194945 -0.763016 -0.616281 0.53721 0.973619 1 1 1
0 -0.238189 0.456525 0.0649982 -0.139455 -0.793885 -0.591861 0.519282 0.979111 1 1 1
Pii_GATIGORASU_body.png
0 0 0.38962 0.0986176 0 -0.754586 -0.656201 0.5625 0.976061 1 1 1
0 0.139379 0.403492 0.125532 0.194945 -0.763016 -0.616281 0.58779 0.973619 1 1 1
0 0.206226 0.365483 0.168917 0.117609 -0.78112 -0.613204 0.599918 0.969683 1 1 1
Pii_GATIGORASU_body.png
0 0 0.38962 0.0986176 0 -0.754586 -0.656201 0.5625 0.976061 1 1 1
0 -0.206226 0.365483 0.168917 -0.117609 -0.78112 -0.613204 0.525082 0.969683 1 1 1
0 -0.139379 0.403492 0.125532 -0.194945 -0.763016 -0.616281 0.53721 0.973619 1 1 1
Pii_GATIGORASU_body.png
0 0 0.38962 0.0986176 0 -0.754586 -0.656201 0.5625 0.976061 1 1 1
0 0.206226 0.365483 0.168917 0.117609 -0.78112 -0.613204 0.599918 0.969683 1 1 1
0 0.0997053 0.364374 0.170183 0.139524 -0.856691 -0.496601 0.580591 0.969568 1 1 1
Pii_GATIGORASU_body.png
0 0 0.38962 0.0986176 0 -0.754586 -0.656201 0.5625 0.976061 1 1 1
0 -0.0997053 0.364374 0.170183 -0.139524 -0.856692 -0.496601 0.544409 0.969568 1 1 1
0 -0.206226 0.365483 0.168917 -0.117609 -0.78112 -0.613204 0.525082 0.969683 1 1 1
Pii_GATIGORASU_body.png
0 0 0.38962 0.0986176 0 -0.754586 -0.656201 0.5625 0.976061 1 1 1
0 0.0997053 0.364374 0.170183 0.139524 -0.856691 -0.496601 0.580591 0.969568 1 1 1
0 0.116987 0.321234 0.219425 0.166757 -0.780069 -0.603063 0.583727 0.965101 1 1 1
Pii_GATIGORASU_body.png
0 0 0.38962 0.0986176 0 -0.754586 -0.656201 0.5625 0.976061 1 1 1
0 -0.116987 0.321234 0.219425 -0.166757 -0.780069 -0.603063 0.541273 0.965101 1 1 1
0 -0.0997053 0.364374 0.170183 -0.139524 -0.856692 -0.496601 0.544409 0.969568 1 1 1
Pii_GATIGORASU_body.png
0 0 0.38962 0.0986176 0 -0.754586 -0.656201 0.5625 0.976061 1 1 1
0 0.116987 0.321234 0.219425 0.166757 -0.780069 -0.603063 0.583727 0.965101 1 1 1
0 0.0672347 0.342839 0.194765 0.0161393 -0.894604 -0.446568 0.574699 0.967338 1 1 1
Pii_GATIGORASU_body.png
0 0 0.38962 0.0986176 0 -0.754586 -0.656201 0.5625 0.976061 1 1 1
0 -0.0672347 0.342839 0.194765 -0.0161393 -0.894604 -0.446569 0.550301 0.967338 1 1 1
0 -0.116987 0.321234 0.219425 -0.166757 -0.780069 -0.603063 0.541273 0.965101 1 1 1
Pii_GATIGORASU_body.png
0 0 0.38962 0.0986176 0 -0.754586 -0.656201 0.5625 0.976061 1 1 1
0 0.0672347 0.342839 0.194765 0.0161393 -0.894604 -0.446568 0.574699 0.967338 1 1 1
0 0.0442591 0.311637 0.23038 0.052128 -0.851629 -0.521547 0.570531 0.964107 1 1 1
Pii_GATIGORASU_body.png
0 0 0.38962 0.0986176 0 -0.754586 -0.656201 0.5625 0.976061 1 1 1
0 -0.0442591 0.311637 0.23038 -0.0521278 -0.851629 -0.521547 0.554469 0.964107 1 1 1
0 -0.0672347 0.342839 0.194765 -0.0161393 -0.894604 -0.446569 0.550301 0.967338 1 1 1
Pii_GATIGORASU_body.png
0 0 0.38962 0.0986176 0 -0.754586 -0.656201 0.5625 0.976061 1 1 1
0 0.0442591 0.311637 0.23038 0.052128 -0.851629 -0.521547 0.570531 0.964107 1 1 1
0 0 0.341972 0.195754 0 -0.897802 -0.4404 0.5625 0.967248 1 1 1
Pii_GATIGORASU_body.png
0 0 0.38962 0.0986176 0 -0.754586 -0.656201 0.5625 0.976061 1 1 1
0 0 0.341972 0.195754 0 -0.897802 -0.4404 0.5625 0.967248 1 1 1
0 -0.0442591 0.311637 0.23038 -0.0521278 -0.851629 -0.521547 0.554469 0.964107 1 1 1
Pii_GATIGORASU_body.png
0 0 0.431997 0.135743 0 0.746825 0.66502 0.5625 0.972692 1 1 1
0 0.0681422 0.49269 0.0237182 0.0977347 0.848936 0.519381 0.574864 0.982856 1 1 1
0 0 0.59698 -0.0953236 0 0.813842 0.581087 0.5625 0.993655 1 1 1
Pii_GATIGORASU_body.png
0 0 0.431997 0.135743 0 0.746825 0.66502 0.5625 0.972692 1 1 1
0 0.177853 0.522123 -0.00987766 0.0820089 0.799535 0.594995 0.59477 0.985904 1 1 1
0 0.0681422 0.49269 0.0237182 0.0977347 0.848936 0.519381 0.574864 0.982856 1 1 1
Pii_GATIGORASU_body.png
0 0 0.431997 0.135743 0 0.746825 0.66502 0.5625 0.972692 1 1 1
0 0 0.59698 -0.0953236 0 0.813842 0.581087 0.5625 0.993655 1 1 1
0 -0.0681422 0.49269 0.0237182 -0.0977347 0.848936 0.519381 0.550136 0.982856 1 1 1
Pii_GATIGORASU_body.png
0 0 0.431997 0.135743 0 0.746825 0.66502 0.5625 0.972692 1 1 1
0 0.119492 0.44737 0.0754477 0.169631 0.820803 0.545442 0.584181 0.978163 1 1 1
0 0.177853 0.522123 -0.00987766 0.0820089 0.799535 0.594995 0.59477 0.985904 1 1 1
Pii_GATIGORASU_body.png
0 0 0.431997 0.135743 0 0.746825 0.66502 0.5625 0.972692 1 1 1
0 -0.0681422 0.49269 0.0237182 -0.0977347 0.848936 0.519381 0.550136 0.982856 1 1 1
0 -0.177853 0.522123 -0.00987766 -0.0820089 0.799535 0.594994 0.53023 0.985904 1 1 1
Pii_GATIGORASU_body.png
0 0 0.431997 0.135743 0 0.746825 0.66502 0.5625 0.972692 1 1 1
0 0.238189 0.456525 0.0649982 0.139454 0.691137 0.709142 0.605718 0.979111 1 1 1
0 0.119492 0.44737 0.0754477 0.169631 0.820803 0.545442 0.584181 0.978163 1 1 1
Pii_GATIGORASU_body.png
0 0 0.431997 0.135743 0 0.746825 0.66502 0.5625 0.972692 1 1 1
0 -0.177853 0.522123 -0.00987766 -0.0820089 0.799535 0.594994 0.53023 0.985904 1 1 1
0 -0.119492 0.44737 0.0754477 -0.169631 0.820803 0.545442 0.540819 0.978163 1 1 1
Pii_GATIGORASU_body.png
0 0 0.431997 0.135743 0 0.746825 0.66502 0.5625 0.972692 1 1 1
0 0.139379 0.403492 0.125532 0.194945 0.711284 0.67533 0.58779 0.973619 1 1 1
0 0.238189 0.456525 0.0649982 0.139454 0.691137 0.709142 0.605718 0.979111 1 1 1
Pii_GATIGORASU_body.png
0 0 0.431997 0.135743 0 0.746825 0.66502 0.5625 0.972692 1 1 1
0 -0.119492 0.44737 0.0754477 -0.169631 0.820803 0.545442 0.540819 0.978163 1 1 1
0 -0.238189 0.456525 0.0649982 -0.139454 0.691137 0.709142 0.519282 0.979111 1 1 1
Pii_GATIGORASU_body.png
0 0 0.431997 0.135743 0 0.746825 0.66502 0.5625 0.972692 1 1 1
0 0.206226 0.365483 0.168917 0.117609 0.710616 0.693681 0.599918 0.969683 1 1 1
0 0.139379 0.403492 0.125532 0.194945 0.711284 0.67533 0.58779 0.973619 1 1 1
Pii_GATIGORASU_body.png
0 0 0.431997 0.135743 0 0.746825 0.66502 0.5625 0.972692 1 1 1
0 -0.238189 0.456525 0.0649982 -0.139454 0.691137 0.709142 0.519282 0.979111 1 1 1
0 -0.139379 0.403492 0.125532 -0.194945 0.711285 0.67533 0.53721 0.973619 1 1 1
Pii_GATIGORASU_body.png
0 0 0.431997 0.135743 0 0.746825 0.66502 0.5625 0.972692 1 1 1
0 0.0997053 0.364374 0.170183 0.139524 0.604965 0.783933 0.580591 0.969568 1 1 1
0 0.206226 0.365483 0.168917 0.117609 0.710616 0.693681 0.599918 0.969683 1 1 1
Pii_GATIGORASU_body.png
0 0 0.431997 0.135743 0 0.746825 0.66502 0.5625 0.972692 1 1 1
0 -0.139379 0.403492 0.125532 -0.194945 0.711285 0.67533 0.53721 0.973619 1 1 1
0 -0.206226 0.365483 0.168917 -0.117609 0.710616 0.693681 0.525082 0.969683 1 1 1
Pii_GATIGORASU_body.png
0 0 0.431997 0.135743 0 0.746825 0.66502 0.5625 0.972692 1 1 1
0 0.116987 0.321234 0.219425 0.166757 0.700424 0.693973 0.583727 0.965101 1 1 1
0 0.0997053 0.364374 0.170183 0.139524 0.604965 0.783933 0.580591 0.969568 1 1 1
Pii_GATIGORASU_body.png
0 0 0.431997 0.135743 0 0.746825 0.66502 0.5625 0.972692 1 1 1
0 -0.206226 0.365483 0.168917 -0.117609 0.710616 0.693681 0.525082 0.969683 1 1 1
0 -0.0997053 0.364374 0.170183 -0.139524 0.604965 0.783933 0.544409 0.969568 1 1 1
Pii_GATIGORASU_body.png
0 0 0.431997 0.135743 0 0.746825 0.66502 0.5625 0.972692 1 1 1
0 0.0672347 0.342839 0.194765 0.0161393 0.560353 0.828096 0.574699 0.967338 1 1 1
0 0.116987 0.321234 0.219425 0.166757 0.700424 0.693973 0.583727 0.965101 1 1 1
Pii_GATIGORASU_body.png
0 0 0.431997 0.135743 0 0.746825 0.66502 0.5625 0.972692 1 1 1
0 -0.0997053 0.364374 0.170183 -0.139524 0.604965 0.783933 0.544409 0.969568 1 1 1
0 -0.116987 0.321234 0.219425 -0.166757 0.700424 0.693973 0.541273 0.965101 1 1 1
Pii_GATIGORASU_body.png
0 0 0.431997 0.135743 0 0.746825 0.66502 0.5625 0.972692 1 1 1
0 0.0442591 0.311637 0.23038 0.052128 0.629028 0.775633 0.570531 0.964107 1 1 1
0 0.0672347 0.342839 0.194765 0.0161393 0.560353 0.828096 0.574699 0.967338 1 1 1
Pii_GATIGORASU_body.png
0 0 0.431997 0.135743 0 0.746825 0.66502 0.5625 0.972692 1 1 1
0 -0.116987 0.321234 0.219425 -0.166757 0.700424 0.693973 0.541273 0.965101 1 1 1
0 -0.0672347 0.342839 0.194765 -0.0161393 0.560353 0.828096 0.550301 0.967338 1 1 1
Pii_GATIGORASU_body.png
0 0 0.431997 0.135743 0 0.746825 0.66502 0.5625 0.972692 1 1 1
0 0 0.341972 0.195754 0 0.554659 0.832078 0.5625 0.967248 1 1 1
0 0.0442591 0.311637 0.23038 0.052128 0.629028 0.775633 0.570531 0.964107 1 1 1
Pii_GATIGORASU_body.png
0 0 0.431997 0.135743 0 0.746825 0.66502 0.5625 0.972692 1 1 1
0 -0.0672347 0.342839 0.194765 -0.0161393 0.560353 0.828096 0.550301 0.967338 1 1 1
0 -0.0442591 0.311637 0.23038 -0.0521279 0.629028 0.775633 0.554469 0.964107 1 1 1
Pii_GATIGORASU_body.png
0 0 0.431997 0.135743 0 0.746825 0.66502 0.5625 0.972692 1 1 1
0 -0.0442591 0.311637 0.23038 -0.0521279 0.629028 0.775633 0.554469 0.964107 1 1 1
0 0 0.341972 0.195754 0 0.554659 0.832078 0.5625 0.967248 1 1 1
Pii_GATIGORASU_body.png
0 0 0.105686 -0.0382385 0 -0.985413 -0.170178 1.00001 0.345171 2 1 0.8 4 0.2
0 -0.0944628 0.191624 -0.21503 -0.633678 -0.423218 -0.647564 0.882859 0.212818 2 1 0.8 5 0.2
0 0 0.16249 -0.21503 0 -0.908354 -0.418202 1.00002 0.227475 2 1 0.8 5 0.2
Pii_GATIGORASU_body.png
0 0 0.105686 -0.0382385 0 -0.985413 -0.170178 1.00001 0.345171 2 1 0.8 4 0.2
0 -0.131357 0.00287625 0.00287634 -0.25923 -0.964021 -0.0588516 0.79769 0.365066 1 4 1
0 -0.0944628 0.191624 -0.21503 -0.633678 -0.423218 -0.647564 0.882859 0.212818 2 1 0.8 5 0.2
Pii_GATIGORASU_body.png
0 0 0.105686 -0.0382385 0 -0.985413 -0.170178 1.00001 0.345171 2 1 0.8 4 0.2
0 0 0.16249 -0.21503 0 -0.908354 -0.418202 1.00002 0.227475 2 1 0.8 5 0.2
0 0.0944629 0.191624 -0.21503 0.633678 -0.423218 -0.647564 1.11717 0.212821 2 1 0.8 5 0.2
Pii_GATIGORASU_body.png
0 0 0.105686 -0.0382385 0 -0.985413 -0.170178 1.00001 0.345171 2 1 0.8 4 0.2
0 -0.0977718 0.0967865 0.101144 -0.408233 -0.412651 0.814288 0.883283 0.442279 2 1 0.8 4 0.2
0 -0.131357 0.00287625 0.00287634 -0.25923 -0.964021 -0.0588516 0.79769 0.365066 1 4 1
Pii_GATIGORASU_body.png
0 0 0.105686 -0.0382385 0 -0.985413 -0.170178 1.00001 0.345171 2 1 0.8 4 0.2
0 0.0944629 0.191624 -0.21503 0.633678 -0.423218 -0.647564 1.11717 0.212821 2 1 0.8 5 0.2
0 0.131357 0.00287625 0.00287634 0.25923 -0.964021 -0.0588517 1.20231 0.365093 1 4 1
Pii_GATIGORASU_body.png
0 0 0.105686 -0.0382385 0 -0.985413 -0.170178 1.00001 0.345171 2 1 0.8 4 0.2
0 0.0977717 0.0967866 0.101144 0.408232 -0.41265 0.814289 1.11671 0.442307 2 1 0.8 4 0.2
0 -0.0977718 0.0967865 0.101144 -0.408233 -0.412651 0.814288 0.883283 0.442279 2 1 0.8 4 0.2
Pii_GATIGORASU_body.png
0 0 0.105686 -0.0382385 0 -0.985413 -0.170178 1.00001 0.345171 2 1 0.8 4 0.2
0 0.131357 0.00287625 0.00287634 0.25923 -0.964021 -0.0588517 1.20231 0.365093 1 4 1
0 0.0977717 0.0967866 0.101144 0.408232 -0.41265 0.814289 1.11671 0.442307 2 1 0.8 4 0.2
Pii_GATIGORASU_body.png
0 -0.0944628 0.191624 -0.21503 -0.633678 -0.423218 -0.647564 0.882859 0.212818 2 1 0.8 5 0.2
0 0 0.258773 -0.37169 0 -0.890043 -0.455876 1.00001 0.111708 1 5 1
0 0 0.16249 -0.21503 0 -0.908354 -0.418202 1.00002 0.227475 2 1 0.8 5 0.2
Pii_GATIGORASU_body.png
0 -0.0944628 0.191624 -0.21503 -0.633678 -0.423218 -0.647564 0.882859 0.212818 2 1 0.8 5 0.2
0 -0.0472314 0.27334 -0.37169 -0.967561 0.0785609 -0.240112 0.940004 0.10567 1 5 1
0 0 0.258773 -0.37169 0 -0.890043 -0.455876 1.00001 0.111708 1 5 1
Pii_GATIGORASU_body.png
0 0 0.16249 -0.21503 0 -0.908354 -0.418202 1.00002 0.227475 2 1 0.8 5 0.2
0 0 0.258773 -0.37169 0 -0.890043 -0.455876 1.00001 0.111708 1 5 1
0 0.0944629 0.191624 -0.21503 0.633678 -0.423218 -0.647564 1.11717 0.212821 2 1 0.8 5 0.2
Pii_GATIGORASU_body.png
0 -0.0977718 0.0967865 0.101144 -0.408233 -0.412651 0.814288 0.883283 0.442279 2 1 0.8 4 0.2
0 0.0977717 0.0967866 0.101144 0.408232 -0.41265 0.814289 1.11671 0.442307 2 1 0.8 4 0.2
0 -0.0766904 0.197691 0.104496 -0.561907 -0.213002 0.799306 0.904353 0.503453 1 1 1
Pii_GATIGORASU_body.png
0 -0.0472314 0.27334 -0.37169 -0.967561 0.0785609 -0.240112 0.940004 0.10567 1 5 1
0 0 0.31191 -0.534103 0 -0.556393 -0.830919 1.00001 0.00508082 1 5 1
0 0 0.258773 -0.37169 0 -0.890043 -0.455876 1.00001 0.111708 1 5 1
Pii_GATIGORASU_body.png
0 0.0944629 0.191624 -0.21503 0.633678 -0.423218 -0.647564 1.11717 0.212821 2 1 0.8 5 0.2
0 0 0.258773 -0.37169 0 -0.890043 -0.455876 1.00001 0.111708 1 5 1
0 0.0472315 0.27334 -0.37169 0.967561 0.0785611 -0.240112 1.06003 0.105672 1 5 1
Pii_GATIGORASU_body.png
0 0.0472315 0.27334 -0.37169 0.967561 0.0785611 -0.240112 1.06003 0.105672 1 5 1
0 0 0.258773 -0.37169 0 -0.890043 -0.455876 1.00001 0.111708 1 5 1
0 0 0.31191 -0.534103 0 -0.556393 -0.830919 1.00001 0.00508082 1 5 1
Pii_GATIGORASU_body.png
0 0.0977717 0.0967866 0.101144 0.408232 -0.41265 0.814289 1.11671 0.442307 2 1 0.8 4 0.2
0 0.0766904 0.197691 0.104496 0.561907 -0.213002 0.799306 1.09555 0.50343 1 1 1
0 -0.0766904 0.197691 0.104496 -0.561907 -0.213002 0.799306 0.904353 0.503453 1 1 1
Pii_GATIGORASU_body.png
0 0.0766904 0.197691 0.104496 0.561907 -0.213002 0.799306 1.09555 0.50343 1 1 1
0 -0.0698618 0.256039 0.137305 -0.164263 -0.672771 0.721385 0.913326 0.544024 1 1 1
0 -0.0766904 0.197691 0.104496 -0.561907 -0.213002 0.799306 0.904353 0.503453 1 1 1
Pii_GATIGORASU_body.png
0 0.0766904 0.197691 0.104496 0.561907 -0.213002 0.799306 1.09555 0.50343 1 1 1
0 0.0698618 0.256039 0.137305 0.164263 -0.672772 0.721385 1.08663 0.544011 1 1 1
0 -0.0698618 0.256039 0.137305 -0.164263 -0.672771 0.721385 0.913326 0.544024 1 1 1
Pii_GATIGORASU_body.png
0 0.0698618 0.256039 0.137305 0.164263 -0.672772 0.721385 1.08663 0.544011 1 1 1
0 -0.0630332 0.340659 0.18325 -0.050474 0.00191423 0.998724 0.921516 0.602385 1 1 1
0 -0.0698618 0.256039 0.137305 -0.164263 -0.672771 0.721385 0.913326 0.544024 1 1 1
Pii_GATIGORASU_body.png
0 0.0698618 0.256039 0.137305 0.164263 -0.672772 0.721385 1.08663 0.544011 1 1 1
0 0.0630331 0.340659 0.18325 0.0504738 0.00191427 0.998724 1.0785 0.602352 1 1 1
0 -0.0630332 0.340659 0.18325 -0.050474 0.00191423 0.998724 0.921516 0.602385 1 1 1
Pii_GATIGORASU_body.png
0 0.0630331 0.340659 0.18325 0.0504738 0.00191427 0.998724 1.0785 0.602352 1 1 1
0 0 0.526803 0.148743 0 0.746825 0.66502 1.00011 0.714687 1 1 1
0 -0.0630332 0.340659 0.18325 -0.050474 0.00191423 0.998724 0.921516 0.602385 1 1 1
Pii_GATIGORASU_body.png
0 -0.111841 0.264217 -0.136797 0 0.999872 0.015983 -0.178883 0.219726 2 1 0.8 5 0.2
0 -0.0944628 0.191624 -0.21503 -0.633678 -0.423218 -0.647564 -0.224436 0.162493 2 1 0.8 5 0.2
0 -0.208001 0.182781 -0.0294064 -0.996641 0.0762396 -0.0299135 -0.365529 0.252284 2 1 0.8 4 0.2
Pii_GATIGORASU_body.png
0 -0.111841 0.264217 -0.136797 0 0.999872 0.015983 -0.178883 0.219726 2 1 0.8 5 0.2
0 -0.0472314 0.27334 -0.37169 -0.967561 0.0785609 -0.240112 -0.0898182 0.094591 1 5 1
0 -0.0944628 0.191624 -0.21503 -0.633678 -0.423218 -0.647564 -0.224436 0.162493 2 1 0.8 5 0.2
Pii_GATIGORASU_body.png
0 -0.111841 0.264217 -0.136797 0 0.999872 0.015983 -0.178883 0.219726 2 1 0.8 5 0.2
0 -0.208001 0.182781 -0.0294064 -0.996641 0.0762396 -0.0299135 -0.365529 0.252284 2 1 0.8 4 0.2
0 -0.156958 0.289502 -0.00543603 -0.96809 0.172832 0.181468 -0.276698 0.308929 1 1 1
Pii_GATIGORASU_body.png
0 -0.111841 0.264217 -0.136797 0 0.999872 0.015983 -0.178883 0.219726 2 1 0.8 5 0.2
0 0 0.325327 -0.361925 0 0.83199 -0.55479 4.8995E-05 0.0789532 1 5 1
0 -0.0472314 0.27334 -0.37169 -0.967561 0.0785609 -0.240112 -0.0898182 0.094591 1 5 1
Pii_GATIGORASU_body.png
0 -0.111841 0.264217 -0.136797 0 0.999872 0.015983 -0.178883 0.219726 2 1 0.8 5 0.2
0 -0.156958 0.289502 -0.00543603 -0.96809 0.172832 0.181468 -0.276698 0.308929 1 1 1
0 -0.125518 0.363371 -0.0690315 -0.754666 0.47267 -0.455041 -0.168437 0.281428 1 1 1
Pii_GATIGORASU_body.png
0 -0.111841 0.264217 -0.136797 0 0.999872 0.015983 -0.178883 0.219726 2 1 0.8 5 0.2
0 0 0.306962 -0.197773 -0.757878 0.38531 -0.526458 -1.54972E-05 0.203503 2 1 0.8 5 0.2
0 0 0.325327 -0.361925 0 0.83199 -0.55479 4.8995E-05 0.0789532 1 5 1
Pii_GATIGORASU_body.png
0 -0.111841 0.264217 -0.136797 0 0.999872 0.015983 -0.178883 0.219726 2 1 0.8 5 0.2
0 -0.125518 0.363371 -0.0690315 -0.754666 0.47267 -0.455041 -0.168437 0.281428 1 1 1
0 0 0.306962 -0.197773 -0.757878 0.38531 -0.526458 -1.54972E-05 0.203503 2 1 0.8 5 0.2
Pii_GATIGORASU_body.png
0 -0.156958 0.289502 -0.00543603 -0.96809 0.172832 0.181468 -0.276698 0.308929 1 1 1
0 -0.147437 0.332206 0.0528138 -0.994905 -0.0606272 0.0805556 -0.255585 0.332061 1 1 1
0 -0.125518 0.363371 -0.0690315 -0.754666 0.47267 -0.455041 -0.168437 0.281428 1 1 1
Pii_GATIGORASU_body.png
0 0 0.325327 -0.361925 0 0.83199 -0.55479 4.8995E-05 0.0789532 1 5 1
0 0 0.306962 -0.197773 -0.757878 0.38531 -0.526458 -1.54972E-05 0.203503 2 1 0.8 5 0.2
0 0.111841 0.264217 -0.136797 0.757878 0.385309 -0.526457 0.1789 0.219726 2 1 0.8 5 0.2
Pii_GATIGORASU_body.png
0 0 0.325327 -0.361925 0 0.83199 -0.55479 4.8995E-05 0.0789532 1 5 1
0 0.111841 0.264217 -0.136797 0.757878 0.385309 -0.526457 0.1789 0.219726 2 1 0.8 5 0.2
0 0.0472315 0.27334 -0.37169 0.967561 0.0785611 -0.240112 0.0897797 0.0945909 1 5 1
Pii_GATIGORASU_body.png
0 -0.147437 0.332206 0.0528138 -0.994905 -0.0606272 0.0805556 -0.255585 0.332061 1 1 1
0 -0.0630331 0.473932 0.0250698 -0.429079 0.870854 -0.2398 -0.0779875 0.354007 1 1 1
0 -0.125518 0.363371 -0.0690315 -0.754666 0.47267 -0.455041 -0.168437 0.281428 1 1 1
Pii_GATIGORASU_body.png
0 -0.147437 0.332206 0.0528138 -0.994905 -0.0606272 0.0805556 -0.255585 0.332061 1 1 1
0 -0.126066 0.407296 0.10416 -0.753353 0.556434 0.350485 -0.194001 0.402001 1 1 1
0 -0.0630331 0.473932 0.0250698 -0.429079 0.870854 -0.2398 -0.0779875 0.354007 1 1 1
Pii_GATIGORASU_body.png
0 0 0.306962 -0.197773 -0.757878 0.38531 -0.526458 -1.54972E-05 0.203503 2 1 0.8 5 0.2
0 0.125518 0.363372 -0.0690315 0.754667 0.47267 -0.45504 0.168432 0.281428 1 1 1
0 0.111841 0.264217 -0.136797 0.757878 0.385309 -0.526457 0.1789 0.219726 2 1 0.8 5 0.2
Pii_GATIGORASU_body.png
0 0 0.306962 -0.197773 -0.757878 0.38531 -0.526458 -1.54972E-05 0.203503 2 1 0.8 5 0.2
0 -0.125518 0.363371 -0.0690315 -0.754666 0.47267 -0.455041 -0.168437 0.281428 1 1 1
0 0 0.395342 -0.125443 0 0.759583 -0.65041 4.05312E-06 0.266976 1 1 1
Pii_GATIGORASU_body.png
0 0 0.306962 -0.197773 -0.757878 0.38531 -0.526458 -1.54972E-05 0.203503 2 1 0.8 5 0.2
0 0 0.395342 -0.125443 0 0.759583 -0.65041 4.05312E-06 0.266976 1 1 1
0 0.125518 0.363372 -0.0690315 0.754667 0.47267 -0.45504 0.168432 0.281428 1 1 1
Pii_GATIGORASU_body.png
0 -0.125518 0.363371 -0.0690315 -0.754666 0.47267 -0.455041 -0.168437 0.281428 1 1 1
0 -0.0630331 0.473932 0.0250698 -0.429079 0.870854 -0.2398 -0.0779875 0.354007 1 1 1
0 0 0.395342 -0.125443 0 0.759583 -0.65041 4.05312E-06 0.266976 1 1 1
Pii_GATIGORASU_body.png
0 0.0472315 0.27334 -0.37169 0.967561 0.0785611 -0.240112 0.0897797 0.0945909 1 5 1
0 0.111841 0.264217 -0.136797 0.757878 0.385309 -0.526457 0.1789 0.219726 2 1 0.8 5 0.2
0 0.0944629 0.191624 -0.21503 0.633678 -0.423218 -0.647564 0.224447 0.162493 2 1 0.8 5 0.2
Pii_GATIGORASU_body.png
0 -0.126066 0.407296 0.10416 -0.753353 0.556434 0.350485 -0.194001 0.402001 1 1 1
0 0 0.526803 0.148743 0 0.746825 0.66502 0 0.415548 1 1 1
0 -0.0630331 0.473932 0.0250698 -0.429079 0.870854 -0.2398 -0.0779875 0.354007 1 1 1
Pii_GATIGORASU_body.png
0 0.125518 0.363372 -0.0690315 0.754667 0.47267 -0.45504 0.168432 0.281428 1 1 1
0 0 0.395342 -0.125443 0 0.759583 -0.65041 4.05312E-06 0.266976 1 1 1
0 0.0630332 0.473932 0.0250699 0.429079 0.870855 -0.239799 0.0779892 0.354007 1 1 1
Pii_GATIGORASU_body.png
0 0.125518 0.363372 -0.0690315 0.754667 0.47267 -0.45504 0.168432 0.281428 1 1 1
0 0.156958 0.289502 -0.00543601 0.96809 0.172832 0.181468 0.27671 0.308931 1 1 1
0 0.111841 0.264217 -0.136797 0.757878 0.385309 -0.526457 0.1789 0.219726 2 1 0.8 5 0.2
Pii_GATIGORASU_body.png
0 0.125518 0.363372 -0.0690315 0.754667 0.47267 -0.45504 0.168432 0.281428 1 1 1
0 0.0630332 0.473932 0.0250699 0.429079 0.870855 -0.239799 0.0779892 0.354007 1 1 1
0 0.147437 0.332206 0.0528139 0.994905 -0.0606276 0.0805559 0.255582 0.332059 1 1 1
Pii_GATIGORASU_body.png
0 0.125518 0.363372 -0.0690315 0.754667 0.47267 -0.45504 0.168432 0.281428 1 1 1
0 0.147437 0.332206 0.0528139 0.994905 -0.0606276 0.0805559 0.255582 0.332059 1 1 1
0 0.156958 0.289502 -0.00543601 0.96809 0.172832 0.181468 0.27671 0.308931 1 1 1
Pii_GATIGORASU_body.png
0 -0.0630331 0.473932 0.0250698 -0.429079 0.870854 -0.2398 -0.0779875 0.354007 1 1 1
0 0 0.526803 0.148743 0 0.746825 0.66502 0 0.415548 1 1 1
0 0.0630332 0.473932 0.0250699 0.429079 0.870855 -0.239799 0.0779892 0.354007 1 1 1
Pii_GATIGORASU_body.png
0 -0.0630331 0.473932 0.0250698 -0.429079 0.870854 -0.2398 -0.0779875 0.354007 1 1 1
0 0.0630332 0.473932 0.0250699 0.429079 0.870855 -0.239799 0.0779892 0.354007 1 1 1
0 0 0.395342 -0.125443 0 0.759583 -0.65041 4.05312E-06 0.266976 1 1 1
Pii_GATIGORASU_body.png
0 0.0944629 0.191624 -0.21503 0.633678 -0.423218 -0.647564 0.224447 0.162493 2 1 0.8 5 0.2
0 0.111841 0.264217 -0.136797 0.757878 0.385309 -0.526457 0.1789 0.219726 2 1 0.8 5 0.2
0 0.208001 0.182781 -0.0294064 0.996641 0.0762397 -0.0299132 0.365529 0.252283 2 1 0.8 4 0.2
Pii_GATIGORASU_body.png
0 0.208001 0.182781 -0.0294064 0.996641 0.0762397 -0.0299132 0.365529 0.252283 2 1 0.8 4 0.2
0 0.111841 0.264217 -0.136797 0.757878 0.385309 -0.526457 0.1789 0.219726 2 1 0.8 5 0.2
0 0.156958 0.289502 -0.00543601 0.96809 0.172832 0.181468 0.27671 0.308931 1 1 1
Pii_GATIGORASU_body.png
0 0.147437 0.332206 0.0528139 0.994905 -0.0606276 0.0805559 0.255582 0.332059 1 1 1
0 0.0630332 0.473932 0.0250699 0.429079 0.870855 -0.239799 0.0779892 0.354007 1 1 1
0 0.126066 0.407296 0.10416 0.753353 0.556433 0.350486 0.194003 0.402002 1 1 1
Pii_GATIGORASU_body.png
0 0.126066 0.407296 0.10416 0.753353 0.556433 0.350486 0.194003 0.402002 1 1 1
0 0.0630332 0.473932 0.0250699 0.429079 0.870855 -0.239799 0.0779892 0.354007 1 1 1
0 0 0.526803 0.148743 0 0.746825 0.66502 0 0.415548 1 1 1
Pii_GATIGORASU_body.png
0 0.152719 0.309815 0.432279 0.622212 -0.774917 0.111156 0.162181 0.824334 1 3 1
0 0.177575 0.428138 0.542895 0.920775 -0.0934247 0.378743 0.255139 0.74465 1 3 1
0 0.108384 0.398419 0.604503 0.485165 -0.641196 0.594544 0.153521 0.711962 1 3 1
Pii_GATIGORASU_body.png
0 0.152719 0.309815 0.432279 0.622212 -0.774917 0.111156 0.162181 0.824334 1 3 1
0 0.233193 0.473204 0.345461 0.978548 -0.193319 0.0712203 0.343133 0.865838 1 3 1
0 0.177575 0.428138 0.542895 0.920775 -0.0934247 0.378743 0.255139 0.74465 1 3 1
Pii_GATIGORASU_body.png
0 0.152719 0.309815 0.432279 0.622212 -0.774917 0.111156 0.162181 0.824334 1 3 1
0 0.108384 0.398419 0.604503 0.485165 -0.641196 0.594544 0.153521 0.711962 1 3 1
0 0 0.303066 0.542608 0 -0.891364 0.453289 0.00368232 0.762444 1 3 1
Pii_GATIGORASU_body.png
0 0.152719 0.309815 0.432279 0.622212 -0.774917 0.111156 0.162181 0.824334 1 3 1
0 0.20643 0.403373 0.232309 0.788831 -0.497451 -0.360954 0.262458 0.93919 1 3 1
0 0.233193 0.473204 0.345461 0.978548 -0.193319 0.0712203 0.343133 0.865838 1 3 1
Pii_GATIGORASU_body.png
0 0.152719 0.309815 0.432279 0.622212 -0.774917 0.111156 0.162181 0.824334 1 3 1
0 0 0.303066 0.542608 0 -0.891364 0.453289 0.00368232 0.762444 1 3 1
0 0 0.279883 0.399403 0 -0.985413 -0.170178 0.00368991 0.84777 1 3 1
Pii_GATIGORASU_body.png
0 0.152719 0.309815 0.432279 0.622212 -0.774917 0.111156 0.162181 0.824334 1 3 1
0 0.130236 0.356282 0.278101 0.246906 -0.866013 -0.434809 0.160038 0.920815 1 3 1
0 0.20643 0.403373 0.232309 0.788831 -0.497451 -0.360954 0.262458 0.93919 1 3 1
Pii_GATIGORASU_body.png
0 0.152719 0.309815 0.432279 0.622212 -0.774917 0.111156 0.162181 0.824334 1 3 1
0 0 0.279883 0.399403 0 -0.985413 -0.170178 0.00368991 0.84777 1 3 1
0 0.130236 0.356282 0.278101 0.246906 -0.866013 -0.434809 0.160038 0.920815 1 3 1
Pii_GATIGORASU_body.png
0 0.177575 0.428138 0.542895 0.920775 -0.0934247 0.378743 0.255139 0.74465 1 3 1
0 0.233193 0.473204 0.345461 0.978548 -0.193319 0.0712203 0.343133 0.865838 1 3 1
0 0.196033 0.497664 0.438633 0.838793 0.340476 0.424856 0.354016 0.805133 1 3 1
Pii_GATIGORASU_body.png
0 0.108384 0.398419 0.604503 0.485165 -0.641196 0.594544 0.153521 0.711962 1 3 1
0 0 0.390877 0.628983 0 -0.701252 0.712914 0.00368515 0.699984 1 3 1
0 0 0.303066 0.542608 0 -0.891364 0.453289 0.00368232 0.762444 1 3 1
Pii_GATIGORASU_body.png
0 0.20643 0.403373 0.232309 0.788831 -0.497451 -0.360954 0.262458 0.93919 1 3 1
0 0.130236 0.356282 0.278101 0.246906 -0.866013 -0.434809 0.160038 0.920815 1 3 1
0 0.142787 0.469997 0.145917 0.447804 -0.342899 -0.825767 0.197111 0.995683 1 3 1
Pii_GATIGORASU_body.png
0 0.20643 0.403373 0.232309 0.788831 -0.497451 -0.360954 0.262458 0.93919 1 3 1
0 0.213035 0.559893 0.208634 0.853878 0.154808 -0.496917 0.442422 0.94139 1 3 1
0 0.233193 0.473204 0.345461 0.978548 -0.193319 0.0712203 0.343133 0.865838 1 3 1
Pii_GATIGORASU_body.png
0 0 0.279883 0.399403 0 -0.985413 -0.170178 0.00368991 0.84777 1 3 1
0 0 0.303066 0.542608 0 -0.891364 0.453289 0.00368232 0.762444 1 3 1
0 -0.152719 0.309815 0.432279 -0.622217 -0.774908 0.111191 0.162181 0.824334 1 3 1
Pii_GATIGORASU_body.png
0 0 0.279883 0.399403 0 -0.985413 -0.170178 0.00368991 0.84777 1 3 1
0 0 0.371796 0.192448 0 -0.79467 -0.607042 0.00370428 0.96383 1 3 1
0 0.130236 0.356282 0.278101 0.246906 -0.866013 -0.434809 0.160038 0.920815 1 3 1
Pii_GATIGORASU_body.png
0 0 0.279883 0.399403 0 -0.985413 -0.170178 0.00368991 0.84777 1 3 1
0 -0.152719 0.309815 0.432279 -0.622217 -0.774908 0.111191 0.162181 0.824334 1 3 1
0 -0.130236 0.356282 0.278101 -0.246906 -0.866013 -0.434809 0.160038 0.920815 1 3 1
Pii_GATIGORASU_body.png
0 0 0.279883 0.399403 0 -0.985413 -0.170178 0.00368991 0.84777 1 3 1
0 -0.130236 0.356282 0.278101 -0.246906 -0.866013 -0.434809 0.160038 0.920815 1 3 1
0 0 0.371796 0.192448 0 -0.79467 -0.607042 0.00370428 0.96383 1 3 1
Pii_GATIGORASU_body.png
0 0.130236 0.356282 0.278101 0.246906 -0.866013 -0.434809 0.160038 0.920815 1 3 1
0 0 0.371796 0.192448 0 -0.79467 -0.607042 0.00370428 0.96383 1 3 1
0 0.142787 0.469997 0.145917 0.447804 -0.342899 -0.825767 0.197111 0.995683 1 3 1
Pii_GATIGORASU_body.png
0 0.196033 0.497664 0.438633 0.838793 0.340476 0.424856 0.354016 0.805133 1 3 1
0 0.233193 0.473204 0.345461 0.978548 -0.193319 0.0712203 0.343133 0.865838 1 3 1
0 0.220694 0.590071 0.329371 0.912567 0.340083 0.227082 0.473673 0.868871 1 3 1
Pii_GATIGORASU_body.png
0 0.220694 0.590071 0.329371 0.912567 0.340083 0.227082 0.473673 0.868871 1 3 1
0 0.233193 0.473204 0.345461 0.978548 -0.193319 0.0712203 0.343133 0.865838 1 3 1
0 0.213035 0.559893 0.208634 0.853878 0.154808 -0.496917 0.442422 0.94139 1 3 1
Pii_GATIGORASU_body.png
0 0 0.390877 0.628983 0 -0.701252 0.712914 0.00368515 0.699984 1 3 1
0 -0.108384 0.398419 0.604503 -0.485251 -0.641128 0.594547 0.153493 0.711961 1 3 1
0 0 0.303066 0.542608 0 -0.891364 0.453289 0.00368232 0.762444 1 3 1
Pii_GATIGORASU_body.png
0 0 0.303066 0.542608 0 -0.891364 0.453289 0.00368232 0.762444 1 3 1
0 -0.108384 0.398419 0.604503 -0.485251 -0.641128 0.594547 0.153493 0.711961 1 3 1
0 -0.152719 0.309815 0.432279 -0.622217 -0.774908 0.111191 0.162181 0.824334 1 3 1
Pii_GATIGORASU_body.png
0 -0.130236 0.356282 0.278101 -0.246906 -0.866013 -0.434809 0.160038 0.920815 1 3 1
0 -0.142787 0.469997 0.145917 -0.447804 -0.342899 -0.825767 0.197111 0.995683 1 3 1
0 0 0.371796 0.192448 0 -0.79467 -0.607042 0.00370428 0.96383 1 3 1
Pii_GATIGORASU_body.png
0 -0.130236 0.356282 0.278101 -0.246906 -0.866013 -0.434809 0.160038 0.920815 1 3 1
0 -0.152719 0.309815 0.432279 -0.622217 -0.774908 0.111191 0.162181 0.824334 1 3 1
0 -0.20643 0.403373 0.232309 -0.788831 -0.497451 -0.360954 0.262458 0.93919 1 3 1
Pii_GATIGORASU_body.png
0 -0.130236 0.356282 0.278101 -0.246906 -0.866013 -0.434809 0.160038 0.920815 1 3 1
0 -0.20643 0.403373 0.232309 -0.788831 -0.497451 -0.360954 0.262458 0.93919 1 3 1
0 -0.142787 0.469997 0.145917 -0.447804 -0.342899 -0.825767 0.197111 0.995683 1 3 1
Pii_GATIGORASU_body.png
0 -0.108384 0.398419 0.604503 -0.485251 -0.641128 0.594547 0.153493 0.711961 1 3 1
0 -0.177543 0.428128 0.542871 -0.920772 -0.0933941 0.378756 0.255104 0.744646 1 3 1
0 -0.152719 0.309815 0.432279 -0.622217 -0.774908 0.111191 0.162181 0.824334 1 3 1
Pii_GATIGORASU_body.png
0 -0.20643 0.403373 0.232309 -0.788831 -0.497451 -0.360954 0.262458 0.93919 1 3 1
0 -0.152719 0.309815 0.432279 -0.622217 -0.774908 0.111191 0.162181 0.824334 1 3 1
0 -0.233193 0.473204 0.345461 -0.978549 -0.193301 0.0712559 0.343146 0.86584 1 3 1
Pii_GATIGORASU_body.png
0 -0.20643 0.403373 0.232309 -0.788831 -0.497451 -0.360954 0.262458 0.93919 1 3 1
0 -0.233193 0.473204 0.345461 -0.978549 -0.193301 0.0712559 0.343146 0.86584 1 3 1
0 -0.213035 0.559893 0.208634 -0.853878 0.154808 -0.496917 0.442422 0.94139 1 3 1
Pii_GATIGORASU_body.png
0 -0.152719 0.309815 0.432279 -0.622217 -0.774908 0.111191 0.162181 0.824334 1 3 1
0 -0.177543 0.428128 0.542871 -0.920772 -0.0933941 0.378756 0.255104 0.744646 1 3 1
0 -0.233193 0.473204 0.345461 -0.978549 -0.193301 0.0712559 0.343146 0.86584 1 3 1
Pii_GATIGORASU_body.png
0 -0.213035 0.559893 0.208634 -0.853878 0.154808 -0.496917 0.442422 0.94139 1 3 1
