version 1
nodes
0 "ROOT" -1
1 "BODY" 0
2 "ARM" 1
3 "HEAD" 1
4 "EAR" 3
5 "LEG" 1
6 "TAIL" 1
end
skeleton
time 0
0 0 0 0 0 0 0
1 0 0.245026 0 0 0 0
2 0 0.090553 0 0 0 0
3 0 0.205112 0.0237284 0 0 0
4 0 0.197086 0.0452765 0 0 0
5 0 -0.10387 0 0 0 0
6 0 -0.00266332 -0.149146 0 0 0
end
triangles
Pii_GORONDA_body.png
0 -0.0743818 0.460749 -0.0990611 -0.662687 0.115206 -0.739982 0.605087 0.93864 1 1 1
0 -0.122059 0.566538 -0.183538 -0.381816 -0.675662 -0.630633 0.593788 0.951175 1 1 1
0 -0.0457716 0.515577 -0.168673 -0.126671 -0.785978 -0.605139 0.611868 0.945137 1 1 1
Pii_GORONDA_body.png
0 -0.0743818 0.460749 -0.0990611 -0.662687 0.115206 -0.739982 0.605087 0.93864 1 1 1
0 -0.142382 0.484645 -0.0753254 -0.511838 -0.710423 -0.483034 0.588972 0.941471 1 1 1
0 -0.122059 0.566538 -0.183538 -0.381816 -0.675662 -0.630633 0.593788 0.951175 1 1 1
Pii_GORONDA_body.png
0 -0.0743818 0.460749 -0.0990611 -0.662687 0.115206 -0.739982 0.605087 0.93864 1 1 1
0 -0.0457716 0.515577 -0.168673 -0.126671 -0.785978 -0.605139 0.611868 0.945137 1 1 1
0 0.0457716 0.515577 -0.168673 0.108706 -0.786704 -0.607684 0.633563 0.945137 1 1 1
Pii_GORONDA_body.png
0 -0.0743818 0.460749 -0.0990611 -0.662687 0.115206 -0.739982 0.605087 0.93864 1 1 1
0 -0.148763 0.43066 0.0192112 -0.953769 0.29413 0.0617356 0.587459 0.935074 1 1 1
0 -0.142382 0.484645 -0.0753254 -0.511838 -0.710423 -0.483034 0.588972 0.941471 1 1 1
Pii_GORONDA_body.png
0 -0.0743818 0.460749 -0.0990611 -0.662687 0.115206 -0.739982 0.605087 0.93864 1 1 1
0 -0.0457716 0.515577 -0.168673 -0.126671 -0.785978 -0.605139 0.611868 0.945137 1 1 1
0 -0.122059 0.566538 -0.183538 -0.381816 -0.675662 -0.630633 0.593788 0.951175 1 1 1
Pii_GORONDA_body.png
0 -0.0743818 0.460749 -0.0990611 -0.662687 0.115206 -0.739982 0.605087 0.93864 1 1 1
0 0.0457716 0.515577 -0.168673 0.108706 -0.786704 -0.607684 0.633563 0.945137 1 1 1
0 0.0743818 0.460749 -0.0990611 0.660636 0.2755 -0.698326 0.640344 0.93864 1 1 1
Pii_GORONDA_body.png
0 -0.0743818 0.460749 -0.0990611 -0.662687 0.115206 -0.739982 0.605087 0.93864 1 1 1
0 -0.142382 0.484645 -0.0753254 -0.511838 -0.710423 -0.483034 0.588972 0.941471 1 1 1
0 -0.148763 0.43066 0.0192112 -0.953769 0.29413 0.0617356 0.587459 0.935074 1 1 1
Pii_GORONDA_body.png
0 -0.0743818 0.460749 -0.0990611 -0.662687 0.115206 -0.739982 0.605087 0.93864 1 1 1
0 0.0457716 0.515577 -0.168673 0.108706 -0.786704 -0.607684 0.633563 0.945137 1 1 1
0 -0.0457716 0.515577 -0.168673 -0.126671 -0.785978 -0.605139 0.611868 0.945137 1 1 1
Pii_GORONDA_body.png
0 -0.0743818 0.460749 -0.0990611 -0.662687 0.115206 -0.739982 0.605087 0.93864 1 1 1
0 -0.122059 0.566538 -0.183538 -0.381816 -0.675662 -0.630633 0.593788 0.951175 1 1 1
0 -0.142382 0.484645 -0.0753254 -0.511838 -0.710423 -0.483034 0.588972 0.941471 1 1 1
Pii_GORONDA_body.png
0 -0.0743818 0.460749 -0.0990611 -0.662687 0.115206 -0.739982 0.605087 0.93864 1 1 1
0 0.0743818 0.460749 -0.0990611 0.660636 0.2755 -0.698326 0.640344 0.93864 1 1 1
0 0.0457716 0.515577 -0.168673 0.108706 -0.786704 -0.607684 0.633563 0.945137 1 1 1
Pii_GORONDA_body.png
0 -0.148763 0.43066 0.0192112 -0.953769 0.29413 0.0617356 0.587459 0.935074 1 1 1
0 -0.164372 0.467951 0.0124122 -0.791102 -0.601967 -0.108599 0.58376 0.939493 1 1 1
0 -0.142382 0.484645 -0.0753254 -0.511838 -0.710423 -0.483034 0.588972 0.941471 1 1 1
Pii_GORONDA_body.png
0 -0.148763 0.43066 0.0192112 -0.953769 0.29413 0.0617356 0.587459 0.935074 1 1 1
0 -0.127019 0.43976 0.0957638 -0.733246 -0.61104 0.298297 0.592613 0.936152 1 1 1
0 -0.164372 0.467951 0.0124122 -0.791102 -0.601967 -0.108599 0.58376 0.939493 1 1 1
Pii_GORONDA_body.png
0 -0.148763 0.43066 0.0192112 -0.953769 0.29413 0.0617356 0.587459 0.935074 1 1 1
0 -0.142382 0.484645 -0.0753254 -0.511838 -0.710423 -0.483034 0.588972 0.941471 1 1 1
0 -0.164372 0.467951 0.0124122 -0.791102 -0.601967 -0.108599 0.58376 0.939493 1 1 1
Pii_GORONDA_body.png
0 -0.148763 0.43066 0.0192112 -0.953769 0.29413 0.0617356 0.587459 0.935074 1 1 1
0 -0.0743817 0.40057 0.137483 -0.170739 0.202287 0.964328 0.605087 0.931508 1 1 1
0 -0.127019 0.43976 0.0957638 -0.733246 -0.61104 0.298297 0.592613 0.936152 1 1 1
Pii_GORONDA_body.png
0 -0.148763 0.43066 0.0192112 -0.953769 0.29413 0.0617356 0.587459 0.935074 1 1 1
0 -0.164372 0.467951 0.0124122 -0.791102 -0.601967 -0.108599 0.58376 0.939493 1 1 1
0 -0.127019 0.43976 0.0957638 -0.733246 -0.61104 0.298297 0.592613 0.936152 1 1 1
Pii_GORONDA_body.png
0 -0.148763 0.43066 0.0192112 -0.953769 0.29413 0.0617356 0.587459 0.935074 1 1 1
0 -0.127019 0.43976 0.0957638 -0.733246 -0.61104 0.298297 0.592613 0.936152 1 1 1
0 -0.0743817 0.40057 0.137483 -0.170739 0.202287 0.964328 0.605087 0.931508 1 1 1
Pii_GORONDA_body.png
0 -0.0457716 0.515577 -0.168673 -0.126671 -0.785978 -0.605139 0.611868 0.945137 1 1 1
0 0 0.551987 -0.247004 0 -0.906823 -0.421512 0.622716 0.949451 1 1 1
0 0.0457716 0.515577 -0.168673 0.108706 -0.786704 -0.607684 0.633563 0.945137 1 1 1
Pii_GORONDA_body.png
0 -0.0457716 0.515577 -0.168673 -0.126671 -0.785978 -0.605139 0.611868 0.945137 1 1 1
0 0.0457716 0.515577 -0.168673 0.108706 -0.786704 -0.607684 0.633563 0.945137 1 1 1
0 0 0.551987 -0.247004 0 -0.906823 -0.421512 0.622716 0.949451 1 1 1
Pii_GORONDA_body.png
0 0.0743818 0.460749 -0.0990611 0.660636 0.2755 -0.698326 0.640344 0.93864 1 1 1
0 0.0457716 0.515577 -0.168673 0.108706 -0.786704 -0.607684 0.633563 0.945137 1 1 1
0 0.122059 0.566538 -0.183538 0.381816 -0.675662 -0.630632 0.651643 0.951175 1 1 1
Pii_GORONDA_body.png
0 0.0743818 0.460749 -0.0990611 0.660636 0.2755 -0.698326 0.640344 0.93864 1 1 1
0 0.122059 0.566538 -0.183538 0.381816 -0.675662 -0.630632 0.651643 0.951175 1 1 1
0 0.0457716 0.515577 -0.168673 0.108706 -0.786704 -0.607684 0.633563 0.945137 1 1 1
Pii_GORONDA_body.png
0 0.0743818 0.460749 -0.0990611 0.660636 0.2755 -0.698326 0.640344 0.93864 1 1 1
0 0.122059 0.566538 -0.183538 0.381816 -0.675662 -0.630632 0.651643 0.951175 1 1 1
0 0.142382 0.484645 -0.0753254 0.487813 -0.725189 -0.485943 0.656459 0.941471 1 1 1
Pii_GORONDA_body.png
0 0.0743818 0.460749 -0.0990611 0.660636 0.2755 -0.698326 0.640344 0.93864 1 1 1
0 0.142382 0.484645 -0.0753254 0.487813 -0.725189 -0.485943 0.656459 0.941471 1 1 1
0 0.122059 0.566538 -0.183538 0.381816 -0.675662 -0.630632 0.651643 0.951175 1 1 1
Pii_GORONDA_body.png
0 0.0743818 0.460749 -0.0990611 0.660636 0.2755 -0.698326 0.640344 0.93864 1 1 1
0 0.142382 0.484645 -0.0753254 0.487813 -0.725189 -0.485943 0.656459 0.941471 1 1 1
0 0.148763 0.43066 0.0192112 0.962868 0.264182 0.0556242 0.657972 0.935074 1 1 1
Pii_GORONDA_body.png
0 0.0743818 0.460749 -0.0990611 0.660636 0.2755 -0.698326 0.640344 0.93864 1 1 1
0 0.148763 0.43066 0.0192112 0.962868 0.264182 0.0556242 0.657972 0.935074 1 1 1
0 0.142382 0.484645 -0.0753254 0.487813 -0.725189 -0.485943 0.656459 0.941471 1 1 1
Pii_GORONDA_body.png
0 -0.142382 0.484645 -0.0753254 -0.511838 -0.710423 -0.483034 0.588972 0.941471 1 1 1
0 -0.164372 0.467951 0.0124122 -0.791102 -0.601967 -0.108599 0.58376 0.939493 1 1 1
0 -0.191848 0.527441 -0.0573172 -0.684285 -0.665488 -0.298129 0.577249 0.946542 1 1 1
Pii_GORONDA_body.png
0 -0.142382 0.484645 -0.0753254 -0.511838 -0.710423 -0.483034 0.588972 0.941471 1 1 1
0 -0.191848 0.527441 -0.0573172 -0.684285 -0.665488 -0.298129 0.577249 0.946542 1 1 1
0 -0.164372 0.467951 0.0124122 -0.791102 -0.601967 -0.108599 0.58376 0.939493 1 1 1
Pii_GORONDA_body.png
0 -0.127019 0.43976 0.0957638 -0.733246 -0.61104 0.298297 0.592613 0.936152 1 1 1
0 -0.0743817 0.40057 0.137483 -0.170739 0.202287 0.964328 0.605087 0.931508 1 1 1
0 -0.120542 0.452935 0.115982 -0.544053 -0.139889 0.827307 0.594148 0.937714 1 1 1
Pii_GORONDA_body.png
0 -0.127019 0.43976 0.0957638 -0.733246 -0.61104 0.298297 0.592613 0.936152 1 1 1
0 -0.19567 0.493435 0.0184654 -0.629069 -0.777116 0.01907 0.576343 0.942513 1 1 1
0 -0.164372 0.467951 0.0124122 -0.791102 -0.601967 -0.108599 0.58376 0.939493 1 1 1
Pii_GORONDA_body.png
0 -0.127019 0.43976 0.0957638 -0.733246 -0.61104 0.298297 0.592613 0.936152 1 1 1
0 -0.120542 0.452935 0.115982 -0.544053 -0.139889 0.827307 0.594148 0.937714 1 1 1
0 -0.0743817 0.40057 0.137483 -0.170739 0.202287 0.964328 0.605087 0.931508 1 1 1
Pii_GORONDA_body.png
0 -0.127019 0.43976 0.0957638 -0.733246 -0.61104 0.298297 0.592613 0.936152 1 1 1
0 -0.164372 0.467951 0.0124122 -0.791102 -0.601967 -0.108599 0.58376 0.939493 1 1 1
0 -0.19567 0.493435 0.0184654 -0.629069 -0.777116 0.01907 0.576343 0.942513 1 1 1
Pii_GORONDA_body.png
0 0.148763 0.43066 0.0192112 0.962868 0.264182 0.0556242 0.657972 0.935074 1 1 1
0 0.142382 0.484645 -0.0753254 0.487813 -0.725189 -0.485943 0.656459 0.941471 1 1 1
0 0.172524 0.467951 0.0124122 0.741516 -0.659113 -0.125398 0.663603 0.939493 1 1 1
Pii_GORONDA_body.png
0 0.148763 0.43066 0.0192112 0.962868 0.264182 0.0556242 0.657972 0.935074 1 1 1
0 0.172524 0.467951 0.0124122 0.741516 -0.659113 -0.125398 0.663603 0.939493 1 1 1
0 0.142382 0.484645 -0.0753254 0.487813 -0.725189 -0.485943 0.656459 0.941471 1 1 1
Pii_GORONDA_body.png
0 0.148763 0.43066 0.0192112 0.962868 0.264182 0.0556242 0.657972 0.935074 1 1 1
0 0.172524 0.467951 0.0124122 0.741516 -0.659113 -0.125398 0.663603 0.939493 1 1 1
0 0.127019 0.43976 0.0957638 0.729507 -0.609944 0.309497 0.652819 0.936152 1 1 1
Pii_GORONDA_body.png
0 0.148763 0.43066 0.0192112 0.962868 0.264182 0.0556242 0.657972 0.935074 1 1 1
0 0.127019 0.43976 0.0957638 0.729507 -0.609944 0.309497 0.652819 0.936152 1 1 1
0 0.172524 0.467951 0.0124122 0.741516 -0.659113 -0.125398 0.663603 0.939493 1 1 1
Pii_GORONDA_body.png
0 0.148763 0.43066 0.0192112 0.962868 0.264182 0.0556242 0.657972 0.935074 1 1 1
0 0.127019 0.43976 0.0957638 0.729507 -0.609944 0.309497 0.652819 0.936152 1 1 1
0 0.0743817 0.40057 0.137483 0.170739 0.202287 0.964328 0.640344 0.931508 1 1 1
Pii_GORONDA_body.png
0 0.148763 0.43066 0.0192112 0.962868 0.264182 0.0556242 0.657972 0.935074 1 1 1
0 0.0743817 0.40057 0.137483 0.170739 0.202287 0.964328 0.640344 0.931508 1 1 1
0 0.127019 0.43976 0.0957638 0.729507 -0.609944 0.309497 0.652819 0.936152 1 1 1
Pii_GORONDA_body.png
0 -0.120542 0.452935 0.115982 -0.544053 -0.139889 0.827307 0.594148 0.937714 1 1 1
0 -0.0743817 0.40057 0.137483 -0.170739 0.202287 0.964328 0.605087 0.931508 1 1 1
0 0 0.40057 0.137483 0 0.379828 0.925057 0.622716 0.931508 1 1 1
Pii_GORONDA_body.png
0 -0.120542 0.452935 0.115982 -0.544053 -0.139889 0.827307 0.594148 0.937714 1 1 1
0 0 0.40057 0.137483 0 0.379828 0.925057 0.622716 0.931508 1 1 1
0 -0.0743817 0.40057 0.137483 -0.170739 0.202287 0.964328 0.605087 0.931508 1 1 1
Pii_GORONDA_body.png
0 0.142382 0.484645 -0.0753254 0.487813 -0.725189 -0.485943 0.656459 0.941471 1 1 1
0 0.208152 0.527441 -0.0573172 0.576544 -0.743202 -0.339481 0.672047 0.946542 1 1 1
0 0.172524 0.467951 0.0124122 0.741516 -0.659113 -0.125398 0.663603 0.939493 1 1 1
Pii_GORONDA_body.png
0 0.142382 0.484645 -0.0753254 0.487813 -0.725189 -0.485943 0.656459 0.941471 1 1 1
0 0.172524 0.467951 0.0124122 0.741516 -0.659113 -0.125398 0.663603 0.939493 1 1 1
0 0.208152 0.527441 -0.0573172 0.576544 -0.743202 -0.339481 0.672047 0.946542 1 1 1
Pii_GORONDA_body.png
0 0.0743817 0.40057 0.137483 0.170739 0.202287 0.964328 0.640344 0.931508 1 1 1
0 0.127019 0.43976 0.0957638 0.729507 -0.609944 0.309497 0.652819 0.936152 1 1 1
0 0.120542 0.452935 0.115982 0.544053 -0.139889 0.827308 0.651283 0.937714 1 1 1
Pii_GORONDA_body.png
0 0.0743817 0.40057 0.137483 0.170739 0.202287 0.964328 0.640344 0.931508 1 1 1
0 0.120542 0.452935 0.115982 0.544053 -0.139889 0.827308 0.651283 0.937714 1 1 1
0 0 0.40057 0.137483 0 0.379828 0.925057 0.622716 0.931508 1 1 1
Pii_GORONDA_body.png
0 0.0743817 0.40057 0.137483 0.170739 0.202287 0.964328 0.640344 0.931508 1 1 1
0 0.120542 0.452935 0.115982 0.544053 -0.139889 0.827308 0.651283 0.937714 1 1 1
0 0.127019 0.43976 0.0957638 0.729507 -0.609944 0.309497 0.652819 0.936152 1 1 1
Pii_GORONDA_body.png
0 0.0743817 0.40057 0.137483 0.170739 0.202287 0.964328 0.640344 0.931508 1 1 1
0 0 0.40057 0.137483 0 0.379828 0.925057 0.622716 0.931508 1 1 1
0 0.120542 0.452935 0.115982 0.544053 -0.139889 0.827308 0.651283 0.937714 1 1 1
Pii_GORONDA_body.png
0 0.172524 0.467951 0.0124122 0.741516 -0.659113 -0.125398 0.663603 0.939493 1 1 1
0 0.19567 0.493435 0.0184654 0.712132 -0.684179 0.157376 0.669089 0.942513 1 1 1
0 0.127019 0.43976 0.0957638 0.729507 -0.609944 0.309497 0.652819 0.936152 1 1 1
Pii_GORONDA_body.png
0 0.172524 0.467951 0.0124122 0.741516 -0.659113 -0.125398 0.663603 0.939493 1 1 1
0 0.127019 0.43976 0.0957638 0.729507 -0.609944 0.309497 0.652819 0.936152 1 1 1
0 0.19567 0.493435 0.0184654 0.712132 -0.684179 0.157376 0.669089 0.942513 1 1 1
Pii_GORONDA_body.png
0 -0.157769 0.240801 -0.133117 -0.672703 0.336922 -0.658752 1.28832 0.204768 1 1 1
0 -0.0853672 0.356131 -0.155548 -0.314186 0.297604 -0.901509 1.12924 0.289343 1 1 1
0 0 0.204381 -0.192224 0 0.122984 -0.992409 0.999994 0.195446 1 1 1
Pii_GORONDA_body.png
0 -0.157769 0.240801 -0.133117 -0.672703 0.336922 -0.658752 1.28832 0.204768 1 1 1
0 -0.0743817 0.460749 -0.0990611 -0.662687 -0.0679719 -0.745806 1.12309 0.372577 1 1 1
0 -0.0853672 0.356131 -0.155548 -0.314186 0.297604 -0.901509 1.12924 0.289343 1 1 1
Pii_GORONDA_body.png
0 -0.157769 0.240801 -0.133117 -0.672703 0.336922 -0.658752 1.28832 0.204768 1 1 1
0 0 0.204381 -0.192224 0 0.122984 -0.992409 0.999994 0.195446 1 1 1
0 -0.0908648 0.112035 -0.155728 -0.346276 -0.612902 -0.710242 1.14663 0.135936 2 1 0.8 5 0.2
Pii_GORONDA_body.png
0 -0.157769 0.240801 -0.133117 -0.672703 0.336922 -0.658752 1.28832 0.204768 1 1 1
0 -0.148763 0.43066 0.0192111 -0.953769 0.300317 -0.011552 1.34332 0.415441 1 1 1
0 -0.0743817 0.460749 -0.0990611 -0.662687 -0.0679719 -0.745806 1.12309 0.372577 1 1 1
Pii_GORONDA_body.png
0 -0.157769 0.240801 -0.133117 -0.672703 0.336922 -0.658752 1.28832 0.204768 1 1 1
0 -0.0908648 0.112035 -0.155728 -0.346276 -0.612902 -0.710242 1.14663 0.135936 2 1 0.8 5 0.2
0 -0.18173 0.143705 -0.0205855 -0.961941 -0.2702 -0.0407684 1.4364 0.117631 2 1 0.8 5 0.2
Pii_GORONDA_body.png
0 -0.157769 0.240801 -0.133117 -0.672703 0.336922 -0.658752 1.28832 0.204768 1 1 1
0 -0.188346 0.30467 0.00960554 -0.976258 0.120604 -0.179933 1.47286 0.288712 1 1 1
0 -0.148763 0.43066 0.0192111 -0.953769 0.300317 -0.011552 1.34332 0.415441 1 1 1
Pii_GORONDA_body.png
0 -0.157769 0.240801 -0.133117 -0.672703 0.336922 -0.658752 1.28832 0.204768 1 1 1
0 -0.18173 0.143705 -0.0205855 -0.961941 -0.2702 -0.0407684 1.4364 0.117631 2 1 0.8 5 0.2
0 -0.217113 0.221799 0 -0.992587 -0.0370145 -0.115761 1.48685 0.20814 1 1 1
Pii_GORONDA_body.png
0 -0.157769 0.240801 -0.133117 -0.672703 0.336922 -0.658752 1.28832 0.204768 1 1 1
0 -0.217113 0.221799 0 -0.992587 -0.0370145 -0.115761 1.48685 0.20814 1 1 1
0 -0.188346 0.30467 0.00960554 -0.976258 0.120604 -0.179933 1.47286 0.288712 1 1 1
Pii_GORONDA_body.png
0 -0.0853672 0.356131 -0.155548 -0.314186 0.297604 -0.901509 1.12924 0.289343 1 1 1
0 0.0853673 0.356131 -0.155548 0.314186 0.297604 -0.901509 0.87074 0.289019 1 1 1
0 0 0.204381 -0.192224 0 0.122984 -0.992409 0.999994 0.195446 1 1 1
Pii_GORONDA_body.png
0 -0.0853672 0.356131 -0.155548 -0.314186 0.297604 -0.901509 1.12924 0.289343 1 1 1
0 -0.0743817 0.460749 -0.0990611 -0.662687 -0.0679719 -0.745806 1.12309 0.372577 1 1 1
0 0.0743818 0.460749 -0.0990611 0.660636 0.0976391 -0.74433 0.876898 0.37282 1 1 1
Pii_GORONDA_body.png
0 -0.0853672 0.356131 -0.155548 -0.314186 0.297604 -0.901509 1.12924 0.289343 1 1 1
0 0.0743818 0.460749 -0.0990611 0.660636 0.0976391 -0.74433 0.876898 0.37282 1 1 1
0 0.0853673 0.356131 -0.155548 0.314186 0.297604 -0.901509 0.87074 0.289019 1 1 1
Pii_GORONDA_body.png
0 -0.0908648 0.112035 -0.155728 -0.346276 -0.612902 -0.710242 1.14663 0.135936 2 1 0.8 5 0.2
0 -0.152237 0 0 -0.291021 -0.955146 0.0547994 1.26962 0.00249459 1 5 1
0 -0.18173 0.143705 -0.0205855 -0.961941 -0.2702 -0.0407684 1.4364 0.117631 2 1 0.8 5 0.2
Pii_GORONDA_body.png
0 -0.0908648 0.112035 -0.155728 -0.346276 -0.612902 -0.710242 1.14663 0.135936 2 1 0.8 5 0.2
0 0 0.204381 -0.192224 0 0.122984 -0.992409 0.999994 0.195446 1 1 1
0 0.0908649 0.112035 -0.155728 0.346276 -0.612902 -0.710242 0.853346 0.135955 2 1 0.8 5 0.2
Pii_GORONDA_body.png
0 -0.0908648 0.112035 -0.155728 -0.346276 -0.612902 -0.710242 1.14663 0.135936 2 1 0.8 5 0.2
0 0 0.117543 -0.0205855 0 -0.992805 0.119739 0.999992 0.0955436 2 1 0.8 5 0.2
0 -0.152237 0 0 -0.291021 -0.955146 0.0547994 1.26962 0.00249459 1 5 1
Pii_GORONDA_body.png
0 -0.0908648 0.112035 -0.155728 -0.346276 -0.612902 -0.710242 1.14663 0.135936 2 1 0.8 5 0.2
0 0.0908649 0.112035 -0.155728 0.346276 -0.612902 -0.710242 0.853346 0.135955 2 1 0.8 5 0.2
0 0 0.117543 -0.0205855 0 -0.992805 0.119739 0.999992 0.0955436 2 1 0.8 5 0.2
Pii_GORONDA_body.png
0 -0.148763 0.43066 0.0192111 -0.953769 0.300317 -0.011552 1.34332 0.415441 1 1 1
0 0 0.453912 0.0251268 0 0.969128 0.246557 0.999947 0.487899 1 1 1
0 -0.0743817 0.460749 -0.0990611 -0.662687 -0.0679719 -0.745806 1.12309 0.372577 1 1 1
Pii_GORONDA_body.png
0 -0.0743817 0.460749 -0.0990611 -0.662687 -0.0679719 -0.745806 1.12309 0.372577 1 1 1
0 0 0.453912 0.0251268 0 0.969128 0.246557 0.999947 0.487899 1 1 1
0 0.0743818 0.460749 -0.0990611 0.660636 0.0976391 -0.74433 0.876898 0.37282 1 1 1
Pii_GORONDA_body.png
0 0.0853673 0.356131 -0.155548 0.314186 0.297604 -0.901509 0.87074 0.289019 1 1 1
0 0.157769 0.240801 -0.133117 0.672703 0.336922 -0.658752 0.711671 0.204925 1 1 1
0 0 0.204381 -0.192224 0 0.122984 -0.992409 0.999994 0.195446 1 1 1
Pii_GORONDA_body.png
0 0.0853673 0.356131 -0.155548 0.314186 0.297604 -0.901509 0.87074 0.289019 1 1 1
0 0.0743818 0.460749 -0.0990611 0.660636 0.0976391 -0.74433 0.876898 0.37282 1 1 1
0 0.157769 0.240801 -0.133117 0.672703 0.336922 -0.658752 0.711671 0.204925 1 1 1
Pii_GORONDA_body.png
0 0 0.204381 -0.192224 0 0.122984 -0.992409 0.999994 0.195446 1 1 1
0 0.157769 0.240801 -0.133117 0.672703 0.336922 -0.658752 0.711671 0.204925 1 1 1
0 0.0908649 0.112035 -0.155728 0.346276 -0.612902 -0.710242 0.853346 0.135955 2 1 0.8 5 0.2
Pii_GORONDA_body.png
0 0 0.117543 -0.0205855 0 -0.992805 0.119739 0.999992 0.0955436 2 1 0.8 5 0.2
0 0.0908649 0.112035 -0.155728 0.346276 -0.612902 -0.710242 0.853346 0.135955 2 1 0.8 5 0.2
0 0.152237 0 0 0.291021 -0.955146 0.0547993 0.730326 0.0024861 1 5 1
Pii_GORONDA_body.png
0 0 0.453912 0.0251268 0 0.969128 0.246557 0.999947 0.487899 1 1 1
0 0.148763 0.43066 0.0192111 0.962868 0.269781 -0.0102065 0.656686 0.415311 1 1 1
0 0.0743818 0.460749 -0.0990611 0.660636 0.0976391 -0.74433 0.876898 0.37282 1 1 1
Pii_GORONDA_body.png
0 0.0743818 0.460749 -0.0990611 0.660636 0.0976391 -0.74433 0.876898 0.37282 1 1 1
0 0.148763 0.43066 0.0192111 0.962868 0.269781 -0.0102065 0.656686 0.415311 1 1 1
0 0.157769 0.240801 -0.133117 0.672703 0.336922 -0.658752 0.711671 0.204925 1 1 1
Pii_GORONDA_body.png
0 0.0908649 0.112035 -0.155728 0.346276 -0.612902 -0.710242 0.853346 0.135955 2 1 0.8 5 0.2
0 0.18173 0.143705 -0.0205855 0.961941 -0.2702 -0.0407682 0.563568 0.117674 2 1 0.8 5 0.2
0 0.152237 0 0 0.291021 -0.955146 0.0547993 0.730326 0.0024861 1 5 1
Pii_GORONDA_body.png
0 0.0908649 0.112035 -0.155728 0.346276 -0.612902 -0.710242 0.853346 0.135955 2 1 0.8 5 0.2
0 0.157769 0.240801 -0.133117 0.672703 0.336922 -0.658752 0.711671 0.204925 1 1 1
0 0.18173 0.143705 -0.0205855 0.961941 -0.2702 -0.0407682 0.563568 0.117674 2 1 0.8 5 0.2
Pii_GORONDA_body.png
0 0.148763 0.43066 0.0192111 0.962868 0.269781 -0.0102065 0.656686 0.415311 1 1 1
0 0.188346 0.30467 0.00960556 0.976258 0.120604 -0.179933 0.527138 0.28869 1 1 1
0 0.157769 0.240801 -0.133117 0.672703 0.336922 -0.658752 0.711671 0.204925 1 1 1
Pii_GORONDA_body.png
0 0.18173 0.143705 -0.0205855 0.961941 -0.2702 -0.0407682 0.563568 0.117674 2 1 0.8 5 0.2
0 0.157769 0.240801 -0.133117 0.672703 0.336922 -0.658752 0.711671 0.204925 1 1 1
0 0.217113 0.221799 0 0.992587 -0.0370145 -0.115761 0.513146 0.208219 1 1 1
Pii_GORONDA_body.png
0 0.217113 0.221799 0 0.992587 -0.0370145 -0.115761 0.513146 0.208219 1 1 1
0 0.157769 0.240801 -0.133117 0.672703 0.336922 -0.658752 0.711671 0.204925 1 1 1
0 0.188346 0.30467 0.00960556 0.976258 0.120604 -0.179933 0.527138 0.28869 1 1 1
Pii_GORONDA_body.png
0 -0.13139 0.131037 0.117816 -0.338997 -0.693473 0.635749 -0.229418 0.1576 2 1 0.8 5 0.2
0 -0.217113 0.221799 0 -0.992587 -0.0370145 -0.115761 -0.535752 0.207693 1 1 1
0 -0.18173 0.143705 -0.0205855 -0.961941 -0.2702 -0.0407684 -0.491683 0.12612 2 1 0.8 5 0.2
Pii_GORONDA_body.png
0 -0.13139 0.131037 0.117816 -0.338997 -0.693473 0.635749 -0.229418 0.1576 2 1 0.8 5 0.2
0 -0.135529 0.201332 0.177314 -0.288576 -0.336684 0.896308 -0.185965 0.224356 1 1 1
0 -0.217113 0.221799 0 -0.992587 -0.0370145 -0.115761 -0.535752 0.207693 1 1 1
Pii_GORONDA_body.png
0 -0.13139 0.131037 0.117816 -0.338997 -0.693473 0.635749 -0.229418 0.1576 2 1 0.8 5 0.2
0 -0.18173 0.143705 -0.0205855 -0.961941 -0.2702 -0.0407684 -0.491683 0.12612 2 1 0.8 5 0.2
0 -0.152237 0 0 -0.291021 -0.955146 0.0547994 -0.283706 0.0024861 1 5 1
Pii_GORONDA_body.png
0 -0.13139 0.131037 0.117816 -0.338997 -0.693473 0.635749 -0.229418 0.1576 2 1 0.8 5 0.2
0 0 0.190561 0.197722 0 -0.316982 0.948431 5.7044E-05 0.218558 1 1 1
0 -0.135529 0.201332 0.177314 -0.288576 -0.336684 0.896308 -0.185965 0.224356 1 1 1
Pii_GORONDA_body.png
0 -0.13139 0.131037 0.117816 -0.338997 -0.693473 0.635749 -0.229418 0.1576 2 1 0.8 5 0.2
0 -0.152237 0 0 -0.291021 -0.955146 0.0547994 -0.283706 0.0024861 1 5 1
0 0 0.117543 -0.0205855 0 -0.992805 0.119739 2.17764E-05 0.0946273 2 1 0.8 5 0.2
Pii_GORONDA_body.png
0 -0.13139 0.131037 0.117816 -0.338997 -0.693473 0.635749 -0.229418 0.1576 2 1 0.8 5 0.2
0 0.13139 0.131037 0.117816 0.338997 -0.693473 0.635749 0.229441 0.157604 2 1 0.8 5 0.2
0 0 0.190561 0.197722 0 -0.316982 0.948431 5.7044E-05 0.218558 1 1 1
Pii_GORONDA_body.png
0 -0.13139 0.131037 0.117816 -0.338997 -0.693473 0.635749 -0.229418 0.1576 2 1 0.8 5 0.2
0 0 0.117543 -0.0205855 0 -0.992805 0.119739 2.17764E-05 0.0946273 2 1 0.8 5 0.2
0 0.13139 0.131037 0.117816 0.338997 -0.693473 0.635749 0.229441 0.157604 2 1 0.8 5 0.2
Pii_GORONDA_body.png
0 -0.217113 0.221799 0 -0.992587 -0.0370145 -0.115761 -0.535752 0.207693 1 1 1
0 -0.135529 0.201332 0.177314 -0.288576 -0.336684 0.896308 -0.185965 0.224356 1 1 1
0 -0.113585 0.300182 0.162432 -0.19885 -0.0690931 0.977591 -0.206046 0.29388 1 1 1
Pii_GORONDA_body.png
0 -0.217113 0.221799 0 -0.992587 -0.0370145 -0.115761 -0.535752 0.207693 1 1 1
0 -0.113585 0.300182 0.162432 -0.19885 -0.0690931 0.977591 -0.206046 0.29388 1 1 1
0 -0.188346 0.30467 0.00960554 -0.976258 0.120604 -0.179933 -0.501329 0.265353 1 1 1
Pii_GORONDA_body.png
0 -0.135529 0.201332 0.177314 -0.288576 -0.336684 0.896308 -0.185965 0.224356 1 1 1
0 0 0.190561 0.197722 0 -0.316982 0.948431 5.7044E-05 0.218558 1 1 1
0 -0.113585 0.300182 0.162432 -0.19885 -0.0690931 0.977591 -0.206046 0.29388 1 1 1
Pii_GORONDA_body.png
0 0 0.117543 -0.0205855 0 -0.992805 0.119739 2.17764E-05 0.0946273 2 1 0.8 5 0.2
0 0.152237 0 0 0.291021 -0.955146 0.0547993 0.283728 0.0024861 1 5 1
0 0.13139 0.131037 0.117816 0.338997 -0.693473 0.635749 0.229441 0.157604 2 1 0.8 5 0.2
Pii_GORONDA_body.png
0 0 0.190561 0.197722 0 -0.316982 0.948431 5.7044E-05 0.218558 1 1 1
0 0.113585 0.300182 0.162432 0.19885 -0.0690931 0.977591 0.206146 0.293776 1 1 1
0 -0.113585 0.300182 0.162432 -0.19885 -0.0690931 0.977591 -0.206046 0.29388 1 1 1
Pii_GORONDA_body.png
0 0 0.190561 0.197722 0 -0.316982 0.948431 5.7044E-05 0.218558 1 1 1
0 0.13139 0.131037 0.117816 0.338997 -0.693473 0.635749 0.229441 0.157604 2 1 0.8 5 0.2
0 0.135529 0.201332 0.177314 0.288575 -0.336684 0.896308 0.186041 0.224305 1 1 1
Pii_GORONDA_body.png
0 0 0.190561 0.197722 0 -0.316982 0.948431 5.7044E-05 0.218558 1 1 1
0 0.135529 0.201332 0.177314 0.288575 -0.336684 0.896308 0.186041 0.224305 1 1 1
0 0.113585 0.300182 0.162432 0.19885 -0.0690931 0.977591 0.206146 0.293776 1 1 1
Pii_GORONDA_body.png
0 0.152237 0 0 0.291021 -0.955146 0.0547993 0.283728 0.0024861 1 5 1
0 0.18173 0.143705 -0.0205855 0.961941 -0.2702 -0.0407682 0.49168 0.12612 2 1 0.8 5 0.2
0 0.13139 0.131037 0.117816 0.338997 -0.693473 0.635749 0.229441 0.157604 2 1 0.8 5 0.2
Pii_GORONDA_body.png
0 -0.113585 0.300182 0.162432 -0.19885 -0.0690931 0.977591 -0.206046 0.29388 1 1 1
0 0.113585 0.300182 0.162432 0.19885 -0.0690931 0.977591 0.206146 0.293776 1 1 1
0 0.0743817 0.40057 0.137483 0.170739 0.430448 0.88632 0.146164 0.39656 1 1 1
Pii_GORONDA_body.png
0 -0.113585 0.300182 0.162432 -0.19885 -0.0690931 0.977591 -0.206046 0.29388 1 1 1
0 0.0743817 0.40057 0.137483 0.170739 0.430448 0.88632 0.146164 0.39656 1 1 1
0 -0.0743817 0.40057 0.137483 -0.170739 0.430448 0.88632 -0.146072 0.396406 1 1 1
Pii_GORONDA_body.png
0 0.135529 0.201332 0.177314 0.288575 -0.336684 0.896308 0.186041 0.224305 1 1 1
0 0.13139 0.131037 0.117816 0.338997 -0.693473 0.635749 0.229441 0.157604 2 1 0.8 5 0.2
0 0.217113 0.221799 0 0.992587 -0.0370145 -0.115761 0.535716 0.207701 1 1 1
Pii_GORONDA_body.png
0 0.135529 0.201332 0.177314 0.288575 -0.336684 0.896308 0.186041 0.224305 1 1 1
0 0.217113 0.221799 0 0.992587 -0.0370145 -0.115761 0.535716 0.207701 1 1 1
0 0.113585 0.300182 0.162432 0.19885 -0.0690931 0.977591 0.206146 0.293776 1 1 1
Pii_GORONDA_body.png
0 0.13139 0.131037 0.117816 0.338997 -0.693473 0.635749 0.229441 0.157604 2 1 0.8 5 0.2
0 0.18173 0.143705 -0.0205855 0.961941 -0.2702 -0.0407682 0.49168 0.12612 2 1 0.8 5 0.2
0 0.217113 0.221799 0 0.992587 -0.0370145 -0.115761 0.535716 0.207701 1 1 1
Pii_GORONDA_body.png
0 0.0743817 0.40057 0.137483 0.170739 0.430448 0.88632 0.146164 0.39656 1 1 1
0 0 0.453912 0.0251268 0 0.969128 0.246557 -4.49469E-05 0.489576 1 1 1
0 -0.0743817 0.40057 0.137483 -0.170739 0.430448 0.88632 -0.146072 0.396406 1 1 1
Pii_GORONDA_body.png
0 0.0743817 0.40057 0.137483 0.170739 0.430448 0.88632 0.146164 0.39656 1 1 1
0 0.148763 0.43066 0.0192111 0.962868 0.269781 -0.0102065 0.306912 0.47109 1 1 1
0 0 0.453912 0.0251268 0 0.969128 0.246557 -4.49469E-05 0.489576 1 1 1
Pii_GORONDA_body.png
0 0.113585 0.300182 0.162432 0.19885 -0.0690931 0.977591 0.206146 0.293776 1 1 1
0 0.217113 0.221799 0 0.992587 -0.0370145 -0.115761 0.535716 0.207701 1 1 1
0 0.188346 0.30467 0.00960556 0.976258 0.120604 -0.179933 0.501271 0.265327 1 1 1
Pii_GORONDA_body.png
0 -0.0743817 0.40057 0.137483 -0.170739 0.430448 0.88632 -0.146072 0.396406 1 1 1
0 0 0.453912 0.0251268 0 0.969128 0.246557 -4.49469E-05 0.489576 1 1 1
0 -0.148763 0.43066 0.0192111 -0.953769 0.300317 -0.011552 -0.307152 0.471031 1 1 1
Pii_GORONDA_body.png
0 0.0918889 0.627972 -0.135945 0.373463 0.0297329 -0.927168 0.175164 0.932309 1 3 1
0 0.184184 0.707719 -0.00712165 0.582106 0.392374 -0.712176 0.14289 0.95064 1 3 1
0 0.219422 0.629048 -0.025426 0.843356 -0.0159924 -0.537117 0.143777 0.932462 1 3 1
Pii_GORONDA_body.png
0 0.0918889 0.627972 -0.135945 0.373463 0.0297329 -0.927168 0.175164 0.932309 1 3 1
0 0.1208 0.794116 0.014447 0.317319 0.757079 -0.571086 0.12259 0.954367 1 3 1
0 0.184184 0.707719 -0.00712165 0.582106 0.392374 -0.712176 0.14289 0.95064 1 3 1
Pii_GORONDA_body.png
0 0.0918889 0.627972 -0.135945 0.373463 0.0297329 -0.927168 0.175164 0.932309 1 3 1
0 0.219422 0.629048 -0.025426 0.843356 -0.0159924 -0.537117 0.143777 0.932462 1 3 1
0 0.156042 0.507242 -0.0408903 0.533345 -0.642492 -0.550225 0.14674 0.915166 1 3 1
Pii_GORONDA_body.png
0 0.0918889 0.627972 -0.135945 0.373463 0.0297329 -0.927168 0.175164 0.932309 1 3 1
0 0 0.738379 -0.113935 0 0.570811 -0.821082 0.168913 0.947987 1 3 1
0 0.1208 0.794116 0.014447 0.317319 0.757079 -0.571086 0.12259 0.954367 1 3 1
Pii_GORONDA_body.png
0 0.0918889 0.627972 -0.135945 0.373463 0.0297329 -0.927168 0.175164 0.932309 1 3 1
0 0.156042 0.507242 -0.0408903 0.533345 -0.642492 -0.550225 0.14674 0.915166 1 3 1
0 0 0.518283 -0.100614 0 -0.593436 -0.804881 0.16513 0.916733 1 3 1
Pii_GORONDA_body.png
0 0.0918889 0.627972 -0.135945 0.373463 0.0297329 -0.927168 0.175164 0.932309 1 3 1
0 -0.0918889 0.627972 -0.135945 -0.373463 0.0297329 -0.927168 0.175164 0.932309 1 3 1
0 0 0.738379 -0.113935 0 0.570811 -0.821082 0.168913 0.947987 1 3 1
Pii_GORONDA_body.png
0 0.0918889 0.627972 -0.135945 0.373463 0.0297329 -0.927168 0.175164 0.932309 1 3 1
0 0 0.518283 -0.100614 0 -0.593436 -0.804881 0.16513 0.916733 1 3 1
0 -0.0918889 0.627972 -0.135945 -0.373463 0.0297329 -0.927168 0.175164 0.932309 1 3 1
Pii_GORONDA_body.png
0 0.184184 0.707719 -0.00712165 0.582106 0.392374 -0.712176 0.14289 0.95064 1 3 1
0 0.230051 0.659475 0.0869391 0.947891 0.228532 0.221982 0.111864 0.936783 1 3 1
0 0.219422 0.629048 -0.025426 0.843356 -0.0159924 -0.537117 0.143777 0.932462 1 3 1
Pii_GORONDA_body.png
0 0.1208 0.794116 0.014447 0.317319 0.757079 -0.571086 0.12259 0.954367 1 3 1
0 0 0.738379 -0.113935 0 0.570811 -0.821082 0.168913 0.947987 1 3 1
0 0 0.834183 0.00150021 0 0.934971 -0.354723 0.136129 0.961592 1 3 1
Pii_GORONDA_body.png
0 0.1208 0.794116 0.014447 0.317319 0.757079 -0.571086 0.12259 0.954367 1 3 1
0 0 0.834183 0.00150021 0 0.934971 -0.354723 0.136129 0.961592 1 3 1
0 0.102045 0.809548 0.120652 0.438117 0.876261 0.20055 0.10229 0.958094 1 3 1
Pii_GORONDA_body.png
0 0.156042 0.507242 -0.0408903 0.533345 -0.642492 -0.550225 0.14674 0.915166 1 3 1
0 0 0.448674 -0.00658085 0 -0.937159 -0.348902 0.138424 0.906849 1 3 1
0 0 0.518283 -0.100614 0 -0.593436 -0.804881 0.16513 0.916733 1 3 1
Pii_GORONDA_body.png
0 0.156042 0.507242 -0.0408903 0.533345 -0.642492 -0.550225 0.14674 0.915166 1 3 1
0 0.219422 0.629048 -0.025426 0.843356 -0.0159924 -0.537117 0.143777 0.932462 1 3 1
0 0.233104 0.547708 0.0993766 0.925329 -0.378831 0.0159338 0.108332 0.920912 1 3 1
Pii_GORONDA_body.png
0 0.156042 0.507242 -0.0408903 0.533345 -0.642492 -0.550225 0.14674 0.915166 1 3 1
0 0.14412 0.454609 0.104867 0.447382 -0.893833 -0.0301848 0.106773 0.907692 1 3 1
0 0 0.448674 -0.00658085 0 -0.937159 -0.348902 0.138424 0.906849 1 3 1
Pii_GORONDA_body.png
0 0.156042 0.507242 -0.0408903 0.533345 -0.642492 -0.550225 0.14674 0.915166 1 3 1
0 0.233104 0.547708 0.0993766 0.925329 -0.378831 0.0159338 0.108332 0.920912 1 3 1
0 0.14412 0.454609 0.104867 0.447382 -0.893833 -0.0301848 0.106773 0.907692 1 3 1
Pii_GORONDA_body.png
0 0.219422 0.629048 -0.025426 0.843356 -0.0159924 -0.537117 0.143777 0.932462 1 3 1
0 0.230051 0.659475 0.0869391 0.947891 0.228532 0.221982 0.111864 0.936783 1 3 1
0 0.233104 0.547708 0.0993766 0.925329 -0.378831 0.0159338 0.108332 0.920912 1 3 1
Pii_GORONDA_body.png
0 -0.0918889 0.627972 -0.135945 -0.373463 0.0297329 -0.927168 0.175164 0.932309 1 3 1
0 -0.1208 0.794116 0.014447 -0.317319 0.757079 -0.571086 0.12259 0.954367 1 3 1
0 0 0.738379 -0.113935 0 0.570811 -0.821082 0.168913 0.947987 1 3 1
Pii_GORONDA_body.png
0 -0.0918889 0.627972 -0.135945 -0.373463 0.0297329 -0.927168 0.175164 0.932309 1 3 1
0 0 0.518283 -0.100614 0 -0.593436 -0.804881 0.16513 0.916733 1 3 1
0 -0.156042 0.507242 -0.0408903 -0.533345 -0.642492 -0.550225 0.14674 0.915166 1 3 1
Pii_GORONDA_body.png
0 -0.0918889 0.627972 -0.135945 -0.373463 0.0297329 -0.927168 0.175164 0.932309 1 3 1
0 -0.184184 0.707719 -0.00712165 -0.582106 0.392375 -0.712176 0.14289 0.95064 1 3 1
0 -0.1208 0.794116 0.014447 -0.317319 0.757079 -0.571086 0.12259 0.954367 1 3 1
Pii_GORONDA_body.png
0 -0.0918889 0.627972 -0.135945 -0.373463 0.0297329 -0.927168 0.175164 0.932309 1 3 1
0 -0.156042 0.507242 -0.0408903 -0.533345 -0.642492 -0.550225 0.14674 0.915166 1 3 1
0 -0.219422 0.629048 -0.025426 -0.843356 -0.0159924 -0.537117 0.143777 0.932462 1 3 1
Pii_GORONDA_body.png
0 -0.0918889 0.627972 -0.135945 -0.373463 0.0297329 -0.927168 0.175164 0.932309 1 3 1
0 -0.219422 0.629048 -0.025426 -0.843356 -0.0159924 -0.537117 0.143777 0.932462 1 3 1
0 -0.184184 0.707719 -0.00712165 -0.582106 0.392375 -0.712176 0.14289 0.95064 1 3 1
Pii_GORONDA_body.png
0 0 0.518283 -0.100614 0 -0.593436 -0.804881 0.16513 0.916733 1 3 1
0 0 0.448674 -0.00658085 0 -0.937159 -0.348902 0.138424 0.906849 1 3 1
0 -0.156042 0.507242 -0.0408903 -0.533345 -0.642492 -0.550225 0.14674 0.915166 1 3 1
Pii_GORONDA_body.png
0 0 0.738379 -0.113935 0 0.570811 -0.821082 0.168913 0.947987 1 3 1
0 -0.1208 0.794116 0.014447 -0.317319 0.757079 -0.571086 0.12259 0.954367 1 3 1
0 0 0.834183 0.00150021 0 0.934971 -0.354723 0.136129 0.961592 1 3 1
Pii_GORONDA_body.png
0 0.102045 0.809548 0.120652 0.438117 0.876261 0.20055 0.10229 0.958094 1 3 1
0 0.148679 0.743668 0.239275 0.58901 0.604191 0.536676 0.0686004 0.948739 1 3 1
0 0.230051 0.659475 0.0869391 0.947891 0.228532 0.221982 0.111864 0.936783 1 3 1
Pii_GORONDA_body.png
0 0.102045 0.809548 0.120652 0.438117 0.876261 0.20055 0.10229 0.958094 1 3 1
0 0 0.834183 0.00150021 0 0.934971 -0.354723 0.136129 0.961592 1 3 1
0 0 0.824168 0.200524 0 0.911645 0.410978 0.0796059 0.96017 1 3 1
Pii_GORONDA_body.png
0 0.102045 0.809548 0.120652 0.438117 0.876261 0.20055 0.10229 0.958094 1 3 1
0 0 0.824168 0.200524 0 0.911645 0.410978 0.0796059 0.96017 1 3 1
0 0.148679 0.743668 0.239275 0.58901 0.604191 0.536676 0.0686004 0.948739 1 3 1
Pii_GORONDA_body.png
0 0.14412 0.454609 0.104867 0.447382 -0.893833 -0.0301848 0.106773 0.907692 1 3 1
0 0.233104 0.547708 0.0993766 0.925329 -0.378831 0.0159338 0.108332 0.920912 1 3 1
0 0.192845 0.545078 0.236902 0.803883 -0.354997 0.477231 0.0692743 0.920538 1 3 1
Pii_GORONDA_body.png
0 0.14412 0.454609 0.104867 0.447382 -0.893833 -0.0301848 0.106773 0.907692 1 3 1
0 0 0.437272 0.14019 0 -0.997711 0.0676162 0.0967409 0.90523 1 3 1
0 0 0.448674 -0.00658085 0 -0.937159 -0.348902 0.138424 0.906849 1 3 1
Pii_GORONDA_body.png
0 0.14412 0.454609 0.104867 0.447382 -0.893833 -0.0301848 0.106773 0.907692 1 3 1
0 0.192845 0.545078 0.236902 0.803883 -0.354997 0.477231 0.0692743 0.920538 1 3 1
0 0.0914867 0.465832 0.247226 0.286018 -0.867999 0.40592 0.0663425 0.909285 1 3 1
Pii_GORONDA_body.png
0 0.14412 0.454609 0.104867 0.447382 -0.893833 -0.0301848 0.106773 0.907692 1 3 1
0 0.0914867 0.465832 0.247226 0.286018 -0.867999 0.40592 0.0663425 0.909285 1 3 1
0 0 0.437272 0.14019 0 -0.997711 0.0676162 0.0967409 0.90523 1 3 1
Pii_GORONDA_body.png
0 -0.219422 0.629048 -0.025426 -0.843356 -0.0159924 -0.537117 0.143777 0.932462 1 3 1
0 -0.230051 0.659475 0.0869391 -0.947891 0.228532 0.221982 0.111864 0.936783 1 3 1
0 -0.184184 0.707719 -0.00712165 -0.582106 0.392375 -0.712176 0.14289 0.95064 1 3 1
Pii_GORONDA_body.png
0 -0.219422 0.629048 -0.025426 -0.843356 -0.0159924 -0.537117 0.143777 0.932462 1 3 1
0 -0.156042 0.507242 -0.0408903 -0.533345 -0.642492 -0.550225 0.14674 0.915166 1 3 1
0 -0.233104 0.547708 0.0993766 -0.925329 -0.378831 0.0159338 0.108332 0.920912 1 3 1
Pii_GORONDA_body.png
0 -0.219422 0.629048 -0.025426 -0.843356 -0.0159924 -0.537117 0.143777 0.932462 1 3 1
0 -0.233104 0.547708 0.0993766 -0.925329 -0.378831 0.0159338 0.108332 0.920912 1 3 1
0 -0.230051 0.659475 0.0869391 -0.947891 0.228532 0.221982 0.111864 0.936783 1 3 1
Pii_GORONDA_body.png
0 -0.1208 0.794116 0.014447 -0.317319 0.757079 -0.571086 0.12259 0.954367 1 3 1
0 -0.102045 0.809548 0.120652 -0.438117 0.876261 0.20055 0.10229 0.958094 1 3 1
0 0 0.834183 0.00150021 0 0.934971 -0.354723 0.136129 0.961592 1 3 1
Pii_GORONDA_body.png
0 0 0.834183 0.00150021 0 0.934971 -0.354723 0.136129 0.961592 1 3 1
0 -0.102045 0.809548 0.120652 -0.438117 0.876261 0.20055 0.10229 0.958094 1 3 1
0 0 0.824168 0.200524 0 0.911645 0.410978 0.0796059 0.96017 1 3 1
Pii_GORONDA_body.png
0 0.230051 0.659475 0.0869391 0.947891 0.228532 0.221982 0.111864 0.936783 1 3 1
0 0.148679 0.743668 0.239275 0.58901 0.604191 0.536676 0.0686004 0.948739 1 3 1
0 0.187864 0.665413 0.240758 0.750659 0.220412 0.622841 0.0681795 0.937626 1 3 1
Pii_GORONDA_body.png
0 0.230051 0.659475 0.0869391 0.947891 0.228532 0.221982 0.111864 0.936783 1 3 1
0 0.187864 0.665413 0.240758 0.750659 0.220412 0.622841 0.0681795 0.937626 1 3 1
0 0.233104 0.547708 0.0993766 0.925329 -0.378831 0.0159338 0.108332 0.920912 1 3 1
Pii_GORONDA_body.png
0 0.233104 0.547708 0.0993766 0.925329 -0.378831 0.0159338 0.108332 0.920912 1 3 1
0 0.187864 0.665413 0.240758 0.750659 0.220412 0.622841 0.0681795 0.937626 1 3 1
0 0.192845 0.545078 0.236902 0.803883 -0.354997 0.477231 0.0692743 0.920538 1 3 1
Pii_GORONDA_body.png
0 0 0.448674 -0.00658085 0 -0.937159 -0.348902 0.138424 0.906849 1 3 1
0 0 0.437272 0.14019 0 -0.997711 0.0676162 0.0967409 0.90523 1 3 1
0 -0.14412 0.454609 0.104867 -0.447382 -0.893833 -0.0301848 0.106773 0.907692 1 3 1
Pii_GORONDA_body.png
0 0 0.448674 -0.00658085 0 -0.937159 -0.348902 0.138424 0.906849 1 3 1
0 -0.14412 0.454609 0.104867 -0.447382 -0.893833 -0.0301848 0.106773 0.907692 1 3 1
0 -0.156042 0.507242 -0.0408903 -0.533345 -0.642492 -0.550225 0.14674 0.915166 1 3 1
Pii_GORONDA_body.png
0 -0.156042 0.507242 -0.0408903 -0.533345 -0.642492 -0.550225 0.14674 0.915166 1 3 1
0 -0.14412 0.454609 0.104867 -0.447382 -0.893833 -0.0301848 0.106773 0.907692 1 3 1
0 -0.233104 0.547708 0.0993766 -0.925329 -0.378831 0.0159338 0.108332 0.920912 1 3 1
Pii_GORONDA_body.png
0 0.0914867 0.465832 0.247226 0.286018 -0.867999 0.40592 0.0663425 0.909285 1 3 1
0 -0.0914867 0.465832 0.247226 -0.286018 -0.867999 0.40592 0.0663425 0.909285 1 3 1
0 0 0.437272 0.14019 0 -0.997711 0.0676162 0.0967409 0.90523 1 3 1
Pii_GORONDA_body.png
0 0 0.437272 0.14019 0 -0.997711 0.0676162 0.0967409 0.90523 1 3 1
0 -0.0914867 0.465832 0.247226 -0.286018 -0.867999 0.40592 0.0663425 0.909285 1 3 1
0 -0.14412 0.454609 0.104867 -0.447382 -0.893833 -0.0301848 0.106773 0.907692 1 3 1
Pii_GORONDA_body.png
0 -0.230051 0.659475 0.0869391 -0.947891 0.228532 0.221982 0.111864 0.936783 1 3 1
0 -0.148679 0.743668 0.239275 -0.58901 0.604191 0.536675 0.0686004 0.948739 1 3 1
0 -0.102045 0.809548 0.120652 -0.438117 0.876261 0.20055 0.10229 0.958094 1 3 1
Pii_GORONDA_body.png
0 -0.230051 0.659475 0.0869391 -0.947891 0.228532 0.221982 0.111864 0.936783 1 3 1
0 -0.233104 0.547708 0.0993766 -0.925329 -0.378831 0.0159338 0.108332 0.920912 1 3 1
0 -0.187864 0.665413 0.240758 -0.750659 0.220412 0.622841 0.0681795 0.937626 1 3 1
Pii_GORONDA_body.png
0 -0.230051 0.659475 0.0869391 -0.947891 0.228532 0.221982 0.111864 0.936783 1 3 1
0 -0.187864 0.665413 0.240758 -0.750659 0.220412 0.622841 0.0681795 0.937626 1 3 1
0 -0.148679 0.743668 0.239275 -0.58901 0.604191 0.536675 0.0686004 0.948739 1 3 1
Pii_GORONDA_body.png
0 -0.102045 0.809548 0.120652 -0.438117 0.876261 0.20055 0.10229 0.958094 1 3 1
0 -0.148679 0.743668 0.239275 -0.58901 0.604191 0.536675 0.0686004 0.948739 1 3 1
0 0 0.824168 0.200524 0 0.911645 0.410978 0.0796059 0.96017 1 3 1
Pii_GORONDA_body.png
0 0.148679 0.743668 0.239275 0.58901 0.604191 0.536676 0.0686004 0.948739 1 3 1
0 0 0.824168 0.200524 0 0.911645 0.410978 0.0796059 0.96017 1 3 1
0 0 0.724938 0.301313 0 0.480358 0.877072 0.0509815 0.946079 1 3 1
Pii_GORONDA_body.png
0 0 0.724938 0.301313 0 0.480358 0.877072 0.0509815 0.946079 1 3 1
0 0 0.824168 0.200524 0 0.911645 0.410978 0.0796059 0.96017 1 3 1
0 -0.148679 0.743668 0.239275 -0.58901 0.604191 0.536675 0.0686004 0.948739 1 3 1
Pii_GORONDA_body.png
0 0.187864 0.665413 0.240758 0.750659 0.220412 0.622841 0.0681795 0.937626 1 3 1
0 0.101981 0.551337 0.304811 0.50213 -0.118048 0.856697 0.0499881 0.921427 1 3 1
0 0.192845 0.545078 0.236902 0.803883 -0.354997 0.477231 0.0692743 0.920538 1 3 1
Pii_GORONDA_body.png
0 -0.0914867 0.465832 0.247226 -0.286018 -0.867999 0.40592 0.0663425 0.909285 1 3 1
0 -0.192845 0.545078 0.236902 -0.803883 -0.354997 0.477231 0.0692743 0.920538 1 3 1
0 -0.14412 0.454609 0.104867 -0.447382 -0.893833 -0.0301848 0.106773 0.907692 1 3 1
Pii_GORONDA_body.png
0 -0.233104 0.547708 0.0993766 -0.925329 -0.378831 0.0159338 0.108332 0.920912 1 3 1
0 -0.192845 0.545078 0.236902 -0.803883 -0.354997 0.477231 0.0692743 0.920538 1 3 1
0 -0.187864 0.665413 0.240758 -0.750659 0.220412 0.622841 0.0681795 0.937626 1 3 1
Pii_GORONDA_body.png
0 -0.233104 0.547708 0.0993766 -0.925329 -0.378831 0.0159338 0.108332 0.920912 1 3 1
0 -0.14412 0.454609 0.104867 -0.447382 -0.893833 -0.0301848 0.106773 0.907692 1 3 1
0 -0.192845 0.545078 0.236902 -0.803883 -0.354997 0.477231 0.0692743 0.920538 1 3 1
Pii_GORONDA_body.png
