version 1
nodes
0 "ROOT" -1
1 "BODY" 0
2 "HEAD" 1
3 "LEG" 2
end
skeleton
time 0
0 0 0 0 0 0 0
1 0 0.33787 0 0 0 0
2 0 0 0 0 0 0
3 0 -0.201125 0 0 0 0
end
triangles
Pii_NIDANGIRU_body.png
0 -0.00908771 0.18657 0.241512 0.154517 -0.101793 0.982732 0.777199 0.970772 2 2 0.9 3 0.09999999
0 -0.102995 0.127542 0.248254 0.0963006 -0.113946 0.988809 0.777199 0.965772 2 2 0.8 3 0.2
0 -0.0779096 0.0794701 0.239183 0.0963006 -0.113946 0.988809 0.787199 0.965772 2 2 0.8 3 0.2
Pii_NIDANGIRU_body.png
0 -0.00908771 0.18657 0.241512 0.154517 -0.101793 0.982732 0.777199 0.970772 2 2 0.9 3 0.09999999
0 -0.0779096 0.0794701 0.239183 0.0963006 -0.113946 0.988809 0.787199 0.965772 2 2 0.8 3 0.2
0 -0.102995 0.127542 0.248254 0.0963006 -0.113946 0.988809 0.777199 0.965772 2 2 0.8 3 0.2
Pii_NIDANGIRU_body.png
0 -0.00908771 0.18657 0.241512 0.154517 -0.101793 0.982732 0.777199 0.970772 2 2 0.9 3 0.09999999
0 -0.0779096 0.0794701 0.239183 0.0963006 -0.113946 0.988809 0.787199 0.965772 2 2 0.8 3 0.2
0 0.0255807 0.159425 0.23296 0.154517 -0.101793 0.982732 0.787199 0.970772 2 2 0.9 3 0.09999999
Pii_NIDANGIRU_body.png
0 -0.00908771 0.18657 0.241512 0.154517 -0.101793 0.982732 0.777199 0.970772 2 2 0.9 3 0.09999999
0 0.0255807 0.159425 0.23296 0.154517 -0.101793 0.982732 0.787199 0.970772 2 2 0.9 3 0.09999999
0 -0.0779096 0.0794701 0.239183 0.0963006 -0.113946 0.988809 0.787199 0.965772 2 2 0.8 3 0.2
Pii_NIDANGIRU_body.png
0 -0.00908771 0.18657 0.241512 0.154517 -0.101793 0.982732 0.777199 0.970772 2 2 0.9 3 0.09999999
0 0.0255807 0.159425 0.23296 0.154517 -0.101793 0.982732 0.787199 0.970772 2 2 0.9 3 0.09999999
0 0.0736655 0.250582 0.23296 0.166754 -0.0843332 0.982385 0.787199 0.975772 1 2 1
Pii_NIDANGIRU_body.png
0 -0.00908771 0.18657 0.241512 0.154517 -0.101793 0.982732 0.777199 0.970772 2 2 0.9 3 0.09999999
0 0.0736655 0.250582 0.23296 0.166754 -0.0843332 0.982385 0.787199 0.975772 1 2 1
0 0.0255807 0.159425 0.23296 0.154517 -0.101793 0.982732 0.787199 0.970772 2 2 0.9 3 0.09999999
Pii_NIDANGIRU_body.png
0 -0.00908771 0.18657 0.241512 0.154517 -0.101793 0.982732 0.777199 0.970772 2 2 0.9 3 0.09999999
0 0.0736655 0.250582 0.23296 0.166754 -0.0843332 0.982385 0.787199 0.975772 1 2 1
0 0.0497892 0.276579 0.238908 0.166754 -0.0843332 0.982385 0.777199 0.975772 1 2 1
Pii_NIDANGIRU_body.png
0 -0.00908771 0.18657 0.241512 0.154517 -0.101793 0.982732 0.777199 0.970772 2 2 0.9 3 0.09999999
0 0.0497892 0.276579 0.238908 0.166754 -0.0843332 0.982385 0.777199 0.975772 1 2 1
0 0.0736655 0.250582 0.23296 0.166754 -0.0843332 0.982385 0.787199 0.975772 1 2 1
Pii_NIDANGIRU_body.png
0 -0.102995 0.127542 0.248254 0.0963006 -0.113946 0.988809 0.777199 0.965772 2 2 0.8 3 0.2
0 -0.245632 0.047237 0.249511 0.0490528 -0.0844073 0.995223 0.787199 0.960772 2 2 0.8 3 0.2
0 -0.0779096 0.0794701 0.239183 0.0963006 -0.113946 0.988809 0.787199 0.965772 2 2 0.8 3 0.2
Pii_NIDANGIRU_body.png
0 -0.102995 0.127542 0.248254 0.0963006 -0.113946 0.988809 0.777199 0.965772 2 2 0.8 3 0.2
0 -0.245364 0.123011 0.256438 0.0490528 -0.0844073 0.995223 0.777199 0.960772 2 2 0.8 3 0.2
0 -0.245632 0.047237 0.249511 0.0490528 -0.0844073 0.995223 0.787199 0.960772 2 2 0.8 3 0.2
Pii_NIDANGIRU_body.png
0 -0.102995 0.127542 0.248254 0.0963006 -0.113946 0.988809 0.777199 0.965772 2 2 0.8 3 0.2
0 -0.0779096 0.0794701 0.239183 0.0963006 -0.113946 0.988809 0.787199 0.965772 2 2 0.8 3 0.2
0 -0.245632 0.047237 0.249511 0.0490528 -0.0844073 0.995223 0.787199 0.960772 2 2 0.8 3 0.2
Pii_NIDANGIRU_body.png
0 -0.102995 0.127542 0.248254 0.0963006 -0.113946 0.988809 0.777199 0.965772 2 2 0.8 3 0.2
0 -0.245632 0.047237 0.249511 0.0490528 -0.0844073 0.995223 0.787199 0.960772 2 2 0.8 3 0.2
0 -0.245364 0.123011 0.256438 0.0490528 -0.0844073 0.995223 0.777199 0.960772 2 2 0.8 3 0.2
Pii_NIDANGIRU_body.png
0 -0.245632 0.047237 0.249511 0.0490528 -0.0844073 0.995223 0.787199 0.960772 2 2 0.8 3 0.2
0 -0.245364 0.123011 0.256438 0.0490528 -0.0844073 0.995223 0.777199 0.960772 2 2 0.8 3 0.2
0 -0.425451 0.0947361 0.26092 0.0527391 -0.0520602 0.99725 0.787199 0.955772 2 2 0.8 3 0.2
Pii_NIDANGIRU_body.png
0 -0.245632 0.047237 0.249511 0.0490528 -0.0844073 0.995223 0.787199 0.960772 2 2 0.8 3 0.2
0 -0.425451 0.0947361 0.26092 0.0527391 -0.0520602 0.99725 0.787199 0.955772 2 2 0.8 3 0.2
0 -0.245364 0.123011 0.256438 0.0490528 -0.0844073 0.995223 0.777199 0.960772 2 2 0.8 3 0.2
Pii_NIDANGIRU_body.png
0 -0.425451 0.0947361 0.26092 0.0527391 -0.0520602 0.99725 0.787199 0.955772 2 2 0.8 3 0.2
0 -0.245364 0.123011 0.256438 0.0490528 -0.0844073 0.995223 0.777199 0.960772 2 2 0.8 3 0.2
0 -0.416331 0.221279 0.267376 0.0527391 -0.0520602 0.99725 0.777199 0.955772 2 2 0.8 3 0.2
Pii_NIDANGIRU_body.png
0 -0.425451 0.0947361 0.26092 0.0527391 -0.0520602 0.99725 0.787199 0.955772 2 2 0.8 3 0.2
0 -0.416331 0.221279 0.267376 0.0527391 -0.0520602 0.99725 0.777199 0.955772 2 2 0.8 3 0.2
0 -0.245364 0.123011 0.256438 0.0490528 -0.0844073 0.995223 0.777199 0.960772 2 2 0.8 3 0.2
Pii_NIDANGIRU_body.png
0 0.231437 0.432298 0.271697 0 0 1 0.719676 0.984794 1 2 1
0 0.264466 0.299422 0.271697 0 0 1 0.725542 0.977734 1 2 1
0 0.297806 0.390589 0.271697 0 0 1 0.723498 0.986538 1 2 1
Pii_NIDANGIRU_body.png
0 0.231437 0.432298 0.271697 0 0 1 0.719676 0.984794 1 2 1
0 0.162372 0.363233 0.271697 0 0 1 0.719676 0.975027 1 2 1
0 0.264466 0.299422 0.271697 0 0 1 0.725542 0.977734 1 2 1
Pii_NIDANGIRU_body.png
0 0.231437 0.432298 0.271697 0 0 1 0.719676 0.984794 1 2 1
0 0.297806 0.390589 0.271697 0 0 1 0.723498 0.986538 1 2 1
0 0.295737 0.433257 0.271697 0 0 1 0.721916 0.989408 1 2 1
Pii_NIDANGIRU_body.png
0 0.231437 0.432298 0.271697 0 0 1 0.719676 0.984794 1 2 1
0 0.0985613 0.465327 0.271697 0 0 1 0.713811 0.977734 1 2 1
0 0.162372 0.363233 0.271697 0 0 1 0.719676 0.975027 1 2 1
Pii_NIDANGIRU_body.png
0 0.231437 0.432298 0.271697 0 0 1 0.719676 0.984794 1 2 1
0 0.295737 0.433257 0.271697 0 0 1 0.721916 0.989408 1 2 1
0 0.275392 0.476253 0.271697 0 0 1 0.719676 0.99101 1 2 1
Pii_NIDANGIRU_body.png
0 0.231437 0.432298 0.271697 0 0 1 0.719676 0.984794 1 2 1
0 0.189728 0.498668 0.271697 0 0 1 0.715855 0.986538 1 2 1
0 0.0985613 0.465327 0.271697 0 0 1 0.713811 0.977734 1 2 1
Pii_NIDANGIRU_body.png
0 0.231437 0.432298 0.271697 0 0 1 0.719676 0.984794 1 2 1
0 0.275392 0.476253 0.271697 0 0 1 0.719676 0.99101 1 2 1
0 0.232396 0.496598 0.271697 0 0 1 0.717437 0.989408 1 2 1
Pii_NIDANGIRU_body.png
0 0.231437 0.432298 0.271697 0 0 1 0.719676 0.984794 1 2 1
0 0.232396 0.496598 0.271697 0 0 1 0.717437 0.989408 1 2 1
0 0.189728 0.498668 0.271697 0 0 1 0.715855 0.986538 1 2 1
Pii_NIDANGIRU_body.png
0 0.264466 0.299422 0.271697 0 0 1 0.725542 0.977734 1 2 1
0 0.375533 0.288695 0.271697 0 0 1 0.729848 0.984829 1 2 1
0 0.297806 0.390589 0.271697 0 0 1 0.723498 0.986538 1 2 1
Pii_NIDANGIRU_body.png
0 0.0985613 0.465327 0.271697 0 0 1 0.713811 0.977734 1 2 1
0 0.189728 0.498668 0.271697 0 0 1 0.715855 0.986538 1 2 1
0 0.10097 0.576394 0.271697 0.00214419 0.102835 0.994696 0.709969 0.985758 1 2 1
Pii_NIDANGIRU_body.png
0 0.375533 0.288695 0.271697 0 0 1 0.729848 0.984829 1 2 1
0 0.373845 0.382745 0.271697 0 0 1 0.726463 0.99136 1 2 1
0 0.297806 0.390589 0.271697 0 0 1 0.723498 0.986538 1 2 1
Pii_NIDANGIRU_body.png
0 0.189728 0.498668 0.271697 0 0 1 0.715855 0.986538 1 2 1
0 0.181884 0.574707 0.271697 0.00289055 0.138629 0.99034 0.71289 0.99136 1 2 1
0 0.10097 0.576394 0.271697 0.00214419 0.102835 0.994696 0.709969 0.985758 1 2 1
Pii_NIDANGIRU_body.png
0 0.181884 0.574707 0.271697 0.00289055 0.138629 0.99034 0.71289 0.99136 1 2 1
0 0.187639 0.686817 0.226316 0.00781606 0.374856 0.92705 0.709129 0.999694 1 2 1
0 0.10097 0.576394 0.271697 0.00214419 0.102835 0.994696 0.709969 0.985758 1 2 1
Pii_NIDANGIRU_body.png
0 -0.231437 0.432298 0.271697 0 0 1 0.713729 0.997429 1 2 1
0 -0.297806 0.390589 0.271697 0 0 1 0.709907 0.999173 1 2 1
0 -0.264466 0.299422 0.271697 0 0 1 0.707863 0.990369 1 2 1
Pii_NIDANGIRU_body.png
0 -0.231437 0.432298 0.271697 0 0 1 0.713729 0.997429 1 2 1
0 -0.295737 0.433257 0.271697 0 0 1 0.711489 1.00204 1 2 1
0 -0.297806 0.390589 0.271697 0 0 1 0.709907 0.999173 1 2 1
Pii_NIDANGIRU_body.png
0 -0.231437 0.432298 0.271697 0 0 1 0.713729 0.997429 1 2 1
0 -0.264466 0.299422 0.271697 0 0 1 0.707863 0.990369 1 2 1
0 -0.162372 0.363233 0.271697 0 0 1 0.713729 0.987661 1 2 1
Pii_NIDANGIRU_body.png
0 -0.231437 0.432298 0.271697 0 0 1 0.713729 0.997429 1 2 1
0 -0.275392 0.476253 0.271697 0 0 1 0.713729 1.00365 1 2 1
0 -0.295737 0.433257 0.271697 0 0 1 0.711489 1.00204 1 2 1
Pii_NIDANGIRU_body.png
0 -0.231437 0.432298 0.271697 0 0 1 0.713729 0.997429 1 2 1
0 -0.162372 0.363233 0.271697 0 0 1 0.713729 0.987661 1 2 1
0 -0.0985613 0.465327 0.271697 0 0 1 0.719594 0.990369 1 2 1
Pii_NIDANGIRU_body.png
0 -0.231437 0.432298 0.271697 0 0 1 0.713729 0.997429 1 2 1
0 -0.232396 0.496598 0.271697 0 0 1 0.715968 1.00204 1 2 1
0 -0.275392 0.476253 0.271697 0 0 1 0.713729 1.00365 1 2 1
Pii_NIDANGIRU_body.png
0 -0.231437 0.432298 0.271697 0 0 1 0.713729 0.997429 1 2 1
0 -0.0985613 0.465327 0.271697 0 0 1 0.719594 0.990369 1 2 1
0 -0.189728 0.498667 0.271697 0 0 1 0.71755 0.999173 1 2 1
Pii_NIDANGIRU_body.png
0 -0.231437 0.432298 0.271697 0 0 1 0.713729 0.997429 1 2 1
0 -0.189728 0.498667 0.271697 0 0 1 0.71755 0.999173 1 2 1
0 -0.232396 0.496598 0.271697 0 0 1 0.715968 1.00204 1 2 1
Pii_NIDANGIRU_body.png
0 -0.297806 0.390589 0.271697 0 0 1 0.709907 0.999173 1 2 1
0 -0.375532 0.288695 0.271697 0 0 1 0.703557 0.997464 1 2 1
0 -0.264466 0.299422 0.271697 0 0 1 0.707863 0.990369 1 2 1
Pii_NIDANGIRU_body.png
0 -0.297806 0.390589 0.271697 0 0 1 0.709907 0.999173 1 2 1
0 -0.373846 0.382745 0.271697 0 0 1 0.706942 1.00399 1 2 1
0 -0.375532 0.288695 0.271697 0 0 1 0.703557 0.997464 1 2 1
Pii_NIDANGIRU_body.png
0 -0.0985613 0.465327 0.271697 0 0 1 0.719594 0.990369 1 2 1
0 -0.100971 0.576394 0.271697 0.00214419 0.102835 0.994696 0.723436 0.998393 1 2 1
0 -0.189728 0.498667 0.271697 0 0 1 0.71755 0.999173 1 2 1
Pii_NIDANGIRU_body.png
0 -0.100971 0.576394 0.271697 0.00214419 0.102835 0.994696 0.723436 0.998393 1 2 1
0 -0.181884 0.574706 0.271697 0.00289055 0.138629 0.99034 0.720515 1.00399 1 2 1
0 -0.189728 0.498667 0.271697 0 0 1 0.71755 0.999173 1 2 1
Pii_NIDANGIRU_body.png
0 -0.100971 0.576394 0.271697 0.00214419 0.102835 0.994696 0.723436 0.998393 1 2 1
0 -0.187639 0.686817 0.226316 -0.00781615 0.374856 0.92705 0.724276 1.01233 1 2 1
0 -0.181884 0.574706 0.271697 0.00289055 0.138629 0.99034 0.720515 1.00399 1 2 1
Pii_NIDANGIRU_body.png
0 -0.566028 0.0724672 0.27008 0.0771041 -0.0258287 0.996688 0.677825 0.253231 2 2 0.8 3 0.2
0 -0.627757 0.230369 0.279425 0.0771041 -0.0258287 0.996688 0.887361 0.21875 2 2 0.8 3 0.2
0 -0.717638 -0.00820408 0.280196 0.0771041 -0.0258287 0.996688 0.665578 0.0145454 2 2 0.8 3 0.2
Pii_NIDANGIRU_body.png
0 -0.566028 0.0724672 0.27008 0.0771041 -0.0258287 0.996688 0.677825 0.253231 2 2 0.8 3 0.2
0 -0.416331 0.221279 0.267376 0.0527391 -0.0520602 0.99725 0.868216 0.525844 2 2 0.8 3 0.2
0 -0.627757 0.230369 0.279425 0.0771041 -0.0258287 0.996688 0.887361 0.21875 2 2 0.8 3 0.2
Pii_NIDANGIRU_body.png
0 -0.566028 0.0724672 0.27008 0.0771041 -0.0258287 0.996688 0.677825 0.253231 2 2 0.8 3 0.2
0 -0.717638 -0.00820408 0.280196 0.0771041 -0.0258287 0.996688 0.665578 0.0145454 2 2 0.8 3 0.2
0 -0.627757 0.230369 0.279425 0.0771041 -0.0258287 0.996688 0.887361 0.21875 2 2 0.8 3 0.2
Pii_NIDANGIRU_body.png
0 -0.566028 0.0724672 0.27008 0.0771041 -0.0258287 0.996688 0.677825 0.253231 2 2 0.8 3 0.2
0 -0.425451 0.0947361 0.26092 0.0527391 -0.0520602 0.99725 0.687109 0.495103 2 2 0.8 3 0.2
0 -0.416331 0.221279 0.267376 0.0527391 -0.0520602 0.99725 0.868216 0.525844 2 2 0.8 3 0.2
Pii_NIDANGIRU_body.png
0 -0.566028 0.0724672 0.27008 0.0771041 -0.0258287 0.996688 0.677825 0.253231 2 2 0.8 3 0.2
0 -0.627757 0.230369 0.279425 0.0771041 -0.0258287 0.996688 0.887361 0.21875 2 2 0.8 3 0.2
0 -0.416331 0.221279 0.267376 0.0527391 -0.0520602 0.99725 0.868216 0.525844 2 2 0.8 3 0.2
Pii_NIDANGIRU_body.png
0 -0.566028 0.0724672 0.27008 0.0771041 -0.0258287 0.996688 0.677825 0.253231 2 2 0.8 3 0.2
0 -0.416331 0.221279 0.267376 0.0527391 -0.0520602 0.99725 0.868216 0.525844 2 2 0.8 3 0.2
0 -0.425451 0.0947361 0.26092 0.0527391 -0.0520602 0.99725 0.687109 0.495103 2 2 0.8 3 0.2
Pii_NIDANGIRU_body.png
0 -0.717638 -0.00820408 0.280196 0.0771041 -0.0258287 0.996688 0.665578 0.0145454 2 2 0.8 3 0.2
0 -0.627757 0.230369 0.279425 0.0771041 -0.0258287 0.996688 0.887361 0.21875 2 2 0.8 3 0.2
0 -0.803966 0.175583 0.291159 0.0771041 -0.0258287 0.996688 0.89948 0.0145454 2 2 0.8 3 0.2
Pii_NIDANGIRU_body.png
0 -0.717638 -0.00820408 0.280196 0.0771041 -0.0258287 0.996688 0.665578 0.0145454 2 2 0.8 3 0.2
0 -0.803966 0.175583 0.291159 0.0771041 -0.0258287 0.996688 0.89948 0.0145454 2 2 0.8 3 0.2
0 -0.627757 0.230369 0.279425 0.0771041 -0.0258287 0.996688 0.887361 0.21875 2 2 0.8 3 0.2
Pii_NIDANGIRU_body.png
0 -0.127527 0.23191 -0.136212 -0.470992 -0.227202 -0.852376 0.889091 0.101111 1 2 1
0 0.0946394 0.213294 -0.149763 0.189518 -0.203566 -0.960544 0.869948 0.361347 1 2 1
0 -0.100353 0.0667741 -0.104228 -0.412347 -0.223504 -0.883185 0.674947 0.0979807 1 2 1
Pii_NIDANGIRU_body.png
0 -0.127527 0.23191 -0.136212 -0.470992 -0.227202 -0.852376 0.889091 0.101111 1 2 1
0 -0.100353 0.0667741 -0.104228 -0.412347 -0.223504 -0.883185 0.674947 0.0979807 1 2 1
0 0.0946394 0.213294 -0.149763 0.189518 -0.203566 -0.960544 0.869948 0.361347 1 2 1
Pii_NIDANGIRU_body.png
0 -0.127527 0.23191 -0.136212 -0.470992 -0.227202 -0.852376 0.889091 0.101111 1 2 1
0 -0.100353 0.0667741 -0.104228 -0.412347 -0.223504 -0.883185 0.674947 0.0979807 1 2 1
0 -0.108952 0.0695101 -0.0519341 -0.980075 -0.172072 -0.0992139 0.665578 0.0145454 1 2 1
Pii_NIDANGIRU_body.png
0 -0.127527 0.23191 -0.136212 -0.470992 -0.227202 -0.852376 0.889091 0.101111 1 2 1
0 -0.108952 0.0695101 -0.0519341 -0.980075 -0.172072 -0.0992139 0.665578 0.0145454 1 2 1
0 -0.100353 0.0667741 -0.104228 -0.412347 -0.223504 -0.883185 0.674947 0.0979807 1 2 1
Pii_NIDANGIRU_body.png
0 -0.127527 0.23191 -0.136212 -0.470992 -0.227202 -0.852376 0.889091 0.101111 1 2 1
0 -0.108952 0.0695101 -0.0519341 -0.980075 -0.172072 -0.0992139 0.665578 0.0145454 1 2 1
0 -0.136125 0.250803 -0.0839181 -0.980075 -0.172072 -0.0992139 0.89948 0.0145454 1 2 1
Pii_NIDANGIRU_body.png
0 -0.127527 0.23191 -0.136212 -0.470992 -0.227202 -0.852376 0.889091 0.101111 1 2 1
0 -0.136125 0.250803 -0.0839181 -0.980075 -0.172072 -0.0992139 0.89948 0.0145454 1 2 1
0 -0.108952 0.0695101 -0.0519341 -0.980075 -0.172072 -0.0992139 0.665578 0.0145454 1 2 1
Pii_NIDANGIRU_body.png
0 0.0946394 0.213294 -0.149763 0.189518 -0.203566 -0.960544 0.869948 0.361347 1 2 1
0 0.0881976 0.063974 -0.121775 0.210526 -0.203542 -0.956164 0.679482 0.345481 1 2 1
0 -0.100353 0.0667741 -0.104228 -0.412347 -0.223504 -0.883185 0.674947 0.0979807 1 2 1
Pii_NIDANGIRU_body.png
0 0.0946394 0.213294 -0.149763 0.189518 -0.203566 -0.960544 0.869948 0.361347 1 2 1
0 0.185461 0.208473 -0.0643303 0.878694 -0.167592 -0.447001 0.84428 0.512132 1 2 1
0 0.0881976 0.063974 -0.121775 0.210526 -0.203542 -0.956164 0.679482 0.345481 1 2 1
Pii_NIDANGIRU_body.png
0 0.0946394 0.213294 -0.149763 0.189518 -0.203566 -0.960544 0.869948 0.361347 1 2 1
0 -0.100353 0.0667741 -0.104228 -0.412347 -0.223504 -0.883185 0.674947 0.0979807 1 2 1
0 0.0881976 0.063974 -0.121775 0.210526 -0.203542 -0.956164 0.679482 0.345481 1 2 1
Pii_NIDANGIRU_body.png
0 0.0946394 0.213294 -0.149763 0.189518 -0.203566 -0.960544 0.869948 0.361347 1 2 1
0 0.0881976 0.063974 -0.121775 0.210526 -0.203542 -0.956164 0.679482 0.345481 1 2 1
0 0.185461 0.208473 -0.0643303 0.878694 -0.167592 -0.447001 0.84428 0.512132 1 2 1
Pii_NIDANGIRU_body.png
0 0.0881976 0.063974 -0.121775 0.210526 -0.203542 -0.956164 0.679482 0.345481 1 2 1
0 0.185461 0.208473 -0.0643303 0.878694 -0.167592 -0.447001 0.84428 0.512132 1 2 1
0 0.169794 0.074724 -0.0464998 0.896332 -0.167338 -0.410593 0.676032 0.483057 1 2 1
Pii_NIDANGIRU_body.png
0 0.0881976 0.063974 -0.121775 0.210526 -0.203542 -0.956164 0.679482 0.345481 1 2 1
0 0.169794 0.074724 -0.0464998 0.896332 -0.167338 -0.410593 0.676032 0.483057 1 2 1
0 0.185461 0.208473 -0.0643303 0.878694 -0.167592 -0.447001 0.84428 0.512132 1 2 1
Pii_NIDANGIRU_body.png
0 0.188792 0.172389 0.0538663 0.959189 -0.214826 0.183866 0.777199 0.960772 1 2 1
0 0.169794 0.074724 -0.0464998 0.896332 -0.167338 -0.410593 0.787199 0.955772 1 2 1
0 0.185461 0.208473 -0.0643303 0.878694 -0.167592 -0.447001 0.777199 0.955772 1 2 1
Pii_NIDANGIRU_body.png
0 0.188792 0.172389 0.0538663 0.959189 -0.214826 0.183866 0.777199 0.960772 1 2 1
0 0.172945 0.0960278 0.0540401 0.9561 -0.218105 0.19571 0.787199 0.960772 1 2 1
0 0.169794 0.074724 -0.0464998 0.896332 -0.167338 -0.410593 0.787199 0.955772 1 2 1
Pii_NIDANGIRU_body.png
0 0.188792 0.172389 0.0538663 0.959189 -0.214826 0.183866 0.777199 0.960772 1 2 1
0 0.185461 0.208473 -0.0643303 0.878694 -0.167592 -0.447001 0.777199 0.955772 1 2 1
0 0.169794 0.074724 -0.0464998 0.896332 -0.167338 -0.410593 0.787199 0.955772 1 2 1
Pii_NIDANGIRU_body.png
0 0.188792 0.172389 0.0538663 0.959189 -0.214826 0.183866 0.777199 0.960772 1 2 1
0 0.117155 0.170409 0.138975 0.585146 -0.391835 0.709979 0.777199 0.965772 1 2 1
0 0.172945 0.0960278 0.0540401 0.9561 -0.218105 0.19571 0.787199 0.960772 1 2 1
Pii_NIDANGIRU_body.png
0 0.188792 0.172389 0.0538663 0.959189 -0.214826 0.183866 0.777199 0.960772 1 2 1
0 0.169794 0.074724 -0.0464998 0.896332 -0.167338 -0.410593 0.787199 0.955772 1 2 1
0 0.172945 0.0960278 0.0540401 0.9561 -0.218105 0.19571 0.787199 0.960772 1 2 1
Pii_NIDANGIRU_body.png
0 0.188792 0.172389 0.0538663 0.959189 -0.214826 0.183866 0.777199 0.960772 1 2 1
0 0.172945 0.0960278 0.0540401 0.9561 -0.218105 0.19571 0.787199 0.960772 1 2 1
0 0.117155 0.170409 0.138975 0.585146 -0.391835 0.709979 0.777199 0.965772 1 2 1
Pii_NIDANGIRU_body.png
0 0.172945 0.0960278 0.0540401 0.9561 -0.218105 0.19571 0.787199 0.960772 1 2 1
0 0.117155 0.170409 0.138975 0.585146 -0.391835 0.709979 0.777199 0.965772 1 2 1
0 0.0847515 0.125995 0.131876 0.559895 -0.40543 0.722595 0.787199 0.965772 1 2 1
Pii_NIDANGIRU_body.png
0 0.172945 0.0960278 0.0540401 0.9561 -0.218105 0.19571 0.787199 0.960772 1 2 1
0 0.0847515 0.125995 0.131876 0.559895 -0.40543 0.722595 0.787199 0.965772 1 2 1
0 0.117155 0.170409 0.138975 0.585146 -0.391835 0.709979 0.777199 0.965772 1 2 1
Pii_NIDANGIRU_body.png
0 0.0847515 0.125995 0.131876 0.559895 -0.40543 0.722595 0.787199 0.965772 1 2 1
0 0.117155 0.170409 0.138975 0.585146 -0.391835 0.709979 0.777199 0.965772 1 2 1
0 0.0241399 0.209833 0.211656 0.252144 -0.41588 0.873766 0.777199 0.970772 1 2 1
Pii_NIDANGIRU_body.png
0 0.0847515 0.125995 0.131876 0.559895 -0.40543 0.722595 0.787199 0.965772 1 2 1
0 0.0241399 0.209833 0.211656 0.252144 -0.41588 0.873766 0.777199 0.970772 1 2 1
0 0.117155 0.170409 0.138975 0.585146 -0.391835 0.709979 0.777199 0.965772 1 2 1
Pii_NIDANGIRU_body.png
0 0.0847515 0.125995 0.131876 0.559895 -0.40543 0.722595 0.787199 0.965772 1 2 1
0 0.0241399 0.209833 0.211656 0.252144 -0.41588 0.873766 0.777199 0.970772 1 2 1
0 -0.0105285 0.182688 0.205176 0.211708 -0.38719 0.897365 0.787199 0.970772 1 2 1
Pii_NIDANGIRU_body.png
0 0.0847515 0.125995 0.131876 0.559895 -0.40543 0.722595 0.787199 0.965772 1 2 1
0 -0.0105285 0.182688 0.205176 0.211708 -0.38719 0.897365 0.787199 0.970772 1 2 1
0 0.0241399 0.209833 0.211656 0.252144 -0.41588 0.873766 0.777199 0.970772 1 2 1
Pii_NIDANGIRU_body.png
0 -0.0105285 0.182688 0.205176 0.211708 -0.38719 0.897365 0.787199 0.970772 1 2 1
0 0.0241399 0.209833 0.211656 0.252144 -0.41588 0.873766 0.777199 0.970772 1 2 1
0 -0.0497892 0.276579 0.226168 -0.00659804 -0.220811 0.975294 0.777199 0.975772 1 2 1
Pii_NIDANGIRU_body.png
0 -0.0105285 0.182688 0.205176 0.211708 -0.38719 0.897365 0.787199 0.970772 1 2 1
0 -0.0497892 0.276579 0.226168 -0.00659804 -0.220811 0.975294 0.777199 0.975772 1 2 1
0 0.0241399 0.209833 0.211656 0.252144 -0.41588 0.873766 0.777199 0.970772 1 2 1
Pii_NIDANGIRU_body.png
0 -0.0105285 0.182688 0.205176 0.211708 -0.38719 0.897365 0.787199 0.970772 1 2 1
0 -0.0497892 0.276579 0.226168 -0.00659804 -0.220811 0.975294 0.777199 0.975772 1 2 1
0 -0.0736655 0.250582 0.22022 -0.00659804 -0.220811 0.975294 0.787199 0.975772 1 2 1
Pii_NIDANGIRU_body.png
0 -0.0105285 0.182688 0.205176 0.211708 -0.38719 0.897365 0.787199 0.970772 1 2 1
0 -0.0736655 0.250582 0.22022 -0.00659804 -0.220811 0.975294 0.787199 0.975772 1 2 1
0 -0.0497892 0.276579 0.226168 -0.00659804 -0.220811 0.975294 0.777199 0.975772 1 2 1
Pii_NIDANGIRU_body.png
0 0.281248 0.534125 0.094106 0.291108 0.254252 0.922287 0.792194 0.799729 1 2 1
0 0.235949 0.582486 0.04406 0.251979 0.966481 0.0492078 0.701918 0.809927 1 2 1
0 0.233511 0.581026 0.0852138 0.0780021 0.463627 0.88259 0.707806 0.799729 1 2 1
Pii_NIDANGIRU_body.png
0 0.281248 0.534125 0.094106 0.291108 0.254252 0.922287 0.792194 0.799729 1 2 1
0 0.290348 0.529039 0.0541931 0.940399 0.29011 0.177444 0.798082 0.809927 1 2 1
0 0.235949 0.582486 0.04406 0.251979 0.966481 0.0492078 0.701918 0.809927 1 2 1
Pii_NIDANGIRU_body.png
0 0.281248 0.534125 0.094106 0.291108 0.254252 0.922287 0.792194 0.799729 1 2 1
0 0.233511 0.581026 0.0852138 0.0780021 0.463627 0.88259 0.707806 0.799729 1 2 1
0 0.168301 0.563859 0.0884686 -0.213106 0.38699 0.89712 0.665612 0.726646 1 2 1
Pii_NIDANGIRU_body.png
0 0.281248 0.534125 0.094106 0.291108 0.254252 0.922287 0.792194 0.799729 1 2 1
0 0.263775 0.470056 0.106253 0.213106 -0.0317611 0.976513 0.834388 0.726646 1 2 1
0 0.290348 0.529039 0.0541931 0.940399 0.29011 0.177444 0.798082 0.809927 1 2 1
Pii_NIDANGIRU_body.png
0 0.281248 0.534125 0.094106 0.291108 0.254252 0.922287 0.792194 0.799729 1 2 1
0 0.168301 0.563859 0.0884686 -0.213106 0.38699 0.89712 0.665612 0.726646 1 2 1
0 0.198565 0.452889 0.109508 -0.078002 -0.108398 0.991043 0.792194 0.653564 1 2 1
Pii_NIDANGIRU_body.png
0 0.281248 0.534125 0.094106 0.291108 0.254252 0.922287 0.792194 0.799729 1 2 1
0 0.198565 0.452889 0.109508 -0.078002 -0.108398 0.991043 0.792194 0.653564 1 2 1
0 0.263775 0.470056 0.106253 0.213106 -0.0317611 0.976513 0.834388 0.726646 1 2 1
Pii_NIDANGIRU_body.png
0 0.235949 0.582486 0.04406 0.251979 0.966481 0.0492078 0.701918 0.809927 1 2 1
0 0.161639 0.562923 0.047769 -0.68842 0.718912 0.0961459 0.653836 0.726646 1 2 1
0 0.233511 0.581026 0.0852138 0.0780021 0.463627 0.88259 0.707806 0.799729 1 2 1
Pii_NIDANGIRU_body.png
0 0.233511 0.581026 0.0852138 0.0780021 0.463627 0.88259 0.707806 0.799729 1 2 1
0 0.161639 0.562923 0.047769 -0.68842 0.718912 0.0961459 0.653836 0.726646 1 2 1
0 0.168301 0.563859 0.0884686 -0.213106 0.38699 0.89712 0.665612 0.726646 1 2 1
Pii_NIDANGIRU_body.png
0 0.290348 0.529039 0.0541931 0.940399 0.29011 0.177444 0.798082 0.809927 1 2 1
0 0.263775 0.470056 0.106253 0.213106 -0.0317611 0.976513 0.834388 0.726646 1 2 1
0 0.270437 0.45603 0.0680353 0.68842 -0.633829 0.352617 0.846164 0.726646 1 2 1
Pii_NIDANGIRU_body.png
0 0.263775 0.470056 0.106253 0.213106 -0.0317611 0.976513 0.834388 0.726646 1 2 1
0 0.198565 0.452889 0.109508 -0.078002 -0.108398 0.991043 0.792194 0.653564 1 2 1
0 0.270437 0.45603 0.0680353 0.68842 -0.633829 0.352617 0.846164 0.726646 1 2 1
Pii_NIDANGIRU_body.png
0 0.161639 0.562923 0.047769 -0.68842 0.718912 0.0961459 0.653836 0.726646 1 2 1
0 0.141728 0.489914 0.0616111 -0.940399 -0.205028 0.271319 0.701918 0.643366 1 2 1
0 0.168301 0.563859 0.0884686 -0.213106 0.38699 0.89712 0.665612 0.726646 1 2 1
Pii_NIDANGIRU_body.png
0 0.198565 0.452889 0.109508 -0.078002 -0.108398 0.991043 0.792194 0.653564 1 2 1
0 0.196126 0.436467 0.0717443 -0.251979 -0.881398 0.399555 0.798082 0.643366 1 2 1
0 0.270437 0.45603 0.0680353 0.68842 -0.633829 0.352617 0.846164 0.726646 1 2 1
Pii_NIDANGIRU_body.png
0 0.198565 0.452889 0.109508 -0.078002 -0.108398 0.991043 0.792194 0.653564 1 2 1
0 0.168301 0.563859 0.0884686 -0.213106 0.38699 0.89712 0.665612 0.726646 1 2 1
0 0.150828 0.49979 0.100616 -0.291108 0.100978 0.951346 0.707806 0.653564 1 2 1
Pii_NIDANGIRU_body.png
0 0.198565 0.452889 0.109508 -0.078002 -0.108398 0.991043 0.792194 0.653564 1 2 1
0 0.150828 0.49979 0.100616 -0.291108 0.100978 0.951346 0.707806 0.653564 1 2 1
0 0.196126 0.436467 0.0717443 -0.251979 -0.881398 0.399555 0.798082 0.643366 1 2 1
Pii_NIDANGIRU_body.png
0 0.150828 0.49979 0.100616 -0.291108 0.100978 0.951346 0.707806 0.653564 1 2 1
0 0.168301 0.563859 0.0884686 -0.213106 0.38699 0.89712 0.665612 0.726646 1 2 1
0 0.141728 0.489914 0.0616111 -0.940399 -0.205028 0.271319 0.701918 0.643366 1 2 1
Pii_NIDANGIRU_body.png
0 0.150828 0.49979 0.100616 -0.291108 0.100978 0.951346 0.707806 0.653564 1 2 1
0 0.141728 0.489914 0.0616111 -0.940399 -0.205028 0.271319 0.701918 0.643366 1 2 1
0 0.196126 0.436467 0.0717443 -0.251979 -0.881398 0.399555 0.798082 0.643366 1 2 1
Pii_NIDANGIRU_body.png
0 0.26336 0.409305 0.117771 0.291108 0.254252 0.922287 0.834388 0.718645 1 2 1
0 0.218061 0.457666 0.067725 0.251979 0.966481 0.0492078 0.798186 0.801971 1 2 1
0 0.215622 0.456207 0.108879 0.0780021 0.463627 0.88259 0.792285 0.79178 1 2 1
Pii_NIDANGIRU_body.png
0 0.26336 0.409305 0.117771 0.291108 0.254252 0.922287 0.834388 0.718645 1 2 1
0 0.27246 0.40422 0.0778582 0.940399 0.29011 0.177444 0.846164 0.71863 1 2 1
0 0.218061 0.457666 0.067725 0.251979 0.966481 0.0492078 0.798186 0.801971 1 2 1
Pii_NIDANGIRU_body.png
0 0.26336 0.409305 0.117771 0.291108 0.254252 0.922287 0.834388 0.718645 1 2 1
0 0.215622 0.456207 0.108879 0.0780021 0.463627 0.88259 0.792285 0.79178 1 2 1
0 0.150412 0.43904 0.112134 -0.213106 0.38699 0.89712 0.707897 0.791885 1 2 1
Pii_NIDANGIRU_body.png
0 0.26336 0.409305 0.117771 0.291108 0.254252 0.922287 0.834388 0.718645 1 2 1
0 0.245887 0.345236 0.129918 0.213106 -0.0317611 0.976513 0.792103 0.645615 1 2 1
0 0.27246 0.40422 0.0778582 0.940399 0.29011 0.177444 0.846164 0.71863 1 2 1
Pii_NIDANGIRU_body.png
0 0.26336 0.409305 0.117771 0.291108 0.254252 0.922287 0.834388 0.718645 1 2 1
0 0.150412 0.43904 0.112134 -0.213106 0.38699 0.89712 0.707897 0.791885 1 2 1
0 0.180676 0.328069 0.133173 -0.078002 -0.108398 0.991043 0.707715 0.645721 1 2 1
Pii_NIDANGIRU_body.png
0 0.26336 0.409305 0.117771 0.291108 0.254252 0.922287 0.834388 0.718645 1 2 1
0 0.180676 0.328069 0.133173 -0.078002 -0.108398 0.991043 0.707715 0.645721 1 2 1
0 0.245887 0.345236 0.129918 0.213106 -0.0317611 0.976513 0.792103 0.645615 1 2 1
Pii_NIDANGIRU_body.png
0 0.218061 0.457666 0.067725 0.251979 0.966481 0.0492078 0.798186 0.801971 1 2 1
0 0.143751 0.438104 0.071434 -0.68842 0.718912 0.0961459 0.702022 0.802091 1 2 1
0 0.215622 0.456207 0.108879 0.0780021 0.463627 0.88259 0.792285 0.79178 1 2 1
Pii_NIDANGIRU_body.png
0 0.215622 0.456207 0.108879 0.0780021 0.463627 0.88259 0.792285 0.79178 1 2 1
0 0.143751 0.438104 0.071434 -0.68842 0.718912 0.0961459 0.702022 0.802091 1 2 1
0 0.150412 0.43904 0.112134 -0.213106 0.38699 0.89712 0.707897 0.791885 1 2 1
Pii_NIDANGIRU_body.png
0 0.27246 0.40422 0.0778582 0.940399 0.29011 0.177444 0.846164 0.71863 1 2 1
0 0.245887 0.345236 0.129918 0.213106 -0.0317611 0.976513 0.792103 0.645615 1 2 1
0 0.252548 0.33121 0.0917003 0.68842 -0.633829 0.352617 0.797978 0.635409 1 2 1
Pii_NIDANGIRU_body.png
0 0.245887 0.345236 0.129918 0.213106 -0.0317611 0.976513 0.792103 0.645615 1 2 1
0 0.180676 0.328069 0.133173 -0.078002 -0.108398 0.991043 0.707715 0.645721 1 2 1
0 0.252548 0.33121 0.0917003 0.68842 -0.633829 0.352617 0.797978 0.635409 1 2 1
Pii_NIDANGIRU_body.png
0 0.143751 0.438104 0.071434 -0.68842 0.718912 0.0961459 0.702022 0.802091 1 2 1
0 0.123839 0.365094 0.0852761 -0.940399 -0.205028 0.271319 0.653836 0.71887 1 2 1
0 0.150412 0.43904 0.112134 -0.213106 0.38699 0.89712 0.707897 0.791885 1 2 1
Pii_NIDANGIRU_body.png
0 0.180676 0.328069 0.133173 -0.078002 -0.108398 0.991043 0.707715 0.645721 1 2 1
0 0.178238 0.311647 0.0954093 -0.251979 -0.881398 0.399555 0.701814 0.635529 1 2 1
0 0.252548 0.33121 0.0917003 0.68842 -0.633829 0.352617 0.797978 0.635409 1 2 1
Pii_NIDANGIRU_body.png
0 0.180676 0.328069 0.133173 -0.078002 -0.108398 0.991043 0.707715 0.645721 1 2 1
0 0.150412 0.43904 0.112134 -0.213106 0.38699 0.89712 0.707897 0.791885 1 2 1
0 0.132939 0.374971 0.124281 -0.291108 0.100978 0.951346 0.665612 0.718855 1 2 1
Pii_NIDANGIRU_body.png
0 0.180676 0.328069 0.133173 -0.078002 -0.108398 0.991043 0.707715 0.645721 1 2 1
0 0.132939 0.374971 0.124281 -0.291108 0.100978 0.951346 0.665612 0.718855 1 2 1
0 0.178238 0.311647 0.0954093 -0.251979 -0.881398 0.399555 0.701814 0.635529 1 2 1
Pii_NIDANGIRU_body.png
0 0.132939 0.374971 0.124281 -0.291108 0.100978 0.951346 0.665612 0.718855 1 2 1
0 0.150412 0.43904 0.112134 -0.213106 0.38699 0.89712 0.707897 0.791885 1 2 1
0 0.123839 0.365094 0.0852761 -0.940399 -0.205028 0.271319 0.653836 0.71887 1 2 1
Pii_NIDANGIRU_body.png
0 0.132939 0.374971 0.124281 -0.291108 0.100978 0.951346 0.665612 0.718855 1 2 1
0 0.123839 0.365094 0.0852761 -0.940399 -0.205028 0.271319 0.653836 0.71887 1 2 1
0 0.178238 0.311647 0.0954093 -0.251979 -0.881398 0.399555 0.701814 0.635529 1 2 1
Pii_NIDANGIRU_body.png
0 0.154206 0.516549 0.0974384 0.291108 0.254252 0.922287 0.665612 0.718964 1 2 1
0 0.108907 0.56491 0.0473923 0.251979 0.966481 0.0492078 0.701707 0.635591 1 2 1
0 0.106469 0.56345 0.0885461 0.0780021 0.463627 0.88259 0.707621 0.645775 1 2 1
Pii_NIDANGIRU_body.png
0 0.154206 0.516549 0.0974384 0.291108 0.254252 0.922287 0.665612 0.718964 1 2 1
0 0.163306 0.511463 0.0575255 0.940399 0.29011 0.177444 0.653836 0.718994 1 2 1
0 0.108907 0.56491 0.0473923 0.251979 0.966481 0.0492078 0.701707 0.635591 1 2 1
Pii_NIDANGIRU_body.png
0 0.154206 0.516549 0.0974384 0.291108 0.254252 0.922287 0.665612 0.718964 1 2 1
0 0.106469 0.56345 0.0885461 0.0780021 0.463627 0.88259 0.707621 0.645775 1 2 1
0 0.0412585 0.546283 0.0918009 -0.213106 0.38699 0.89712 0.792008 0.645561 1 2 1
Pii_NIDANGIRU_body.png
0 0.154206 0.516549 0.0974384 0.291108 0.254252 0.922287 0.665612 0.718964 1 2 1
0 0.136733 0.45248 0.109585 0.213106 -0.0317611 0.976513 0.707991 0.791939 1 2 1
0 0.163306 0.511463 0.0575255 0.940399 0.29011 0.177444 0.653836 0.718994 1 2 1
Pii_NIDANGIRU_body.png
0 0.154206 0.516549 0.0974384 0.291108 0.254252 0.922287 0.665612 0.718964 1 2 1
0 0.0412585 0.546283 0.0918009 -0.213106 0.38699 0.89712 0.792008 0.645561 1 2 1
0 0.0715226 0.435313 0.11284 -0.078002 -0.108398 0.991043 0.792379 0.791725 1 2 1
Pii_NIDANGIRU_body.png
0 0.154206 0.516549 0.0974384 0.291108 0.254252 0.922287 0.665612 0.718964 1 2 1
0 0.0715226 0.435313 0.11284 -0.078002 -0.108398 0.991043 0.792379 0.791725 1 2 1
0 0.136733 0.45248 0.109585 0.213106 -0.0317611 0.976513 0.707991 0.791939 1 2 1
Pii_NIDANGIRU_body.png
0 0.108907 0.56491 0.0473923 0.251979 0.966481 0.0492078 0.701707 0.635591 1 2 1
0 0.0345968 0.545347 0.0511013 -0.68842 0.718912 0.0961459 0.797871 0.635348 1 2 1
0 0.106469 0.56345 0.0885461 0.0780021 0.463627 0.88259 0.707621 0.645775 1 2 1
Pii_NIDANGIRU_body.png
0 0.106469 0.56345 0.0885461 0.0780021 0.463627 0.88259 0.707621 0.645775 1 2 1
0 0.0345968 0.545347 0.0511013 -0.68842 0.718912 0.0961459 0.797871 0.635348 1 2 1
0 0.0412585 0.546283 0.0918009 -0.213106 0.38699 0.89712 0.792008 0.645561 1 2 1
Pii_NIDANGIRU_body.png
0 0.163306 0.511463 0.0575255 0.940399 0.29011 0.177444 0.653836 0.718994 1 2 1
0 0.136733 0.45248 0.109585 0.213106 -0.0317611 0.976513 0.707991 0.791939 1 2 1
0 0.143394 0.438454 0.0713676 0.68842 -0.633829 0.352617 0.702129 0.802152 1 2 1
Pii_NIDANGIRU_body.png
0 0.136733 0.45248 0.109585 0.213106 -0.0317611 0.976513 0.707991 0.791939 1 2 1
0 0.0715226 0.435313 0.11284 -0.078002 -0.108398 0.991043 0.792379 0.791725 1 2 1
0 0.143394 0.438454 0.0713676 0.68842 -0.633829 0.352617 0.702129 0.802152 1 2 1
Pii_NIDANGIRU_body.png
0 0.0345968 0.545347 0.0511013 -0.68842 0.718912 0.0961459 0.797871 0.635348 1 2 1
0 0.0146854 0.472337 0.0649435 -0.940399 -0.205028 0.271319 0.846164 0.718506 1 2 1
0 0.0412585 0.546283 0.0918009 -0.213106 0.38699 0.89712 0.792008 0.645561 1 2 1
Pii_NIDANGIRU_body.png
0 0.0715226 0.435313 0.11284 -0.078002 -0.108398 0.991043 0.792379 0.791725 1 2 1
0 0.0690842 0.418891 0.0750766 -0.251979 -0.881398 0.399555 0.798293 0.801909 1 2 1
0 0.143394 0.438454 0.0713676 0.68842 -0.633829 0.352617 0.702129 0.802152 1 2 1
Pii_NIDANGIRU_body.png
0 0.0715226 0.435313 0.11284 -0.078002 -0.108398 0.991043 0.792379 0.791725 1 2 1
0 0.0412585 0.546283 0.0918009 -0.213106 0.38699 0.89712 0.792008 0.645561 1 2 1
0 0.0237855 0.482214 0.103948 -0.291108 0.100978 0.951346 0.834388 0.718536 1 2 1
Pii_NIDANGIRU_body.png
0 0.0715226 0.435313 0.11284 -0.078002 -0.108398 0.991043 0.792379 0.791725 1 2 1
0 0.0237855 0.482214 0.103948 -0.291108 0.100978 0.951346 0.834388 0.718536 1 2 1
0 0.0690842 0.418891 0.0750766 -0.251979 -0.881398 0.399555 0.798293 0.801909 1 2 1
Pii_NIDANGIRU_body.png
0 0.0237855 0.482214 0.103948 -0.291108 0.100978 0.951346 0.834388 0.718536 1 2 1
0 0.0412585 0.546283 0.0918009 -0.213106 0.38699 0.89712 0.792008 0.645561 1 2 1
0 0.0146854 0.472337 0.0649435 -0.940399 -0.205028 0.271319 0.846164 0.718506 1 2 1
Pii_NIDANGIRU_body.png
0 0.0237855 0.482214 0.103948 -0.291108 0.100978 0.951346 0.834388 0.718536 1 2 1
0 0.0146854 0.472337 0.0649435 -0.940399 -0.205028 0.271319 0.846164 0.718506 1 2 1
0 0.0690842 0.418891 0.0750766 -0.251979 -0.881398 0.399555 0.798293 0.801909 1 2 1
Pii_NIDANGIRU_body.png
0 -0.233511 0.563853 -0.0053669 -0.0780021 0.463627 0.88259 0.792194 0.799729 1 2 1
0 -0.290348 0.511866 -0.0363876 -0.940399 0.29011 0.177444 0.701918 0.809927 1 2 1
0 -0.281248 0.516951 0.00352536 -0.291108 0.254252 0.922287 0.707806 0.799729 1 2 1
Pii_NIDANGIRU_body.png
0 -0.233511 0.563853 -0.0053669 -0.0780021 0.463627 0.88259 0.792194 0.799729 1 2 1
0 -0.235949 0.565312 -0.0465207 -0.251979 0.966481 0.0492079 0.798082 0.809927 1 2 1
0 -0.290348 0.511866 -0.0363876 -0.940399 0.29011 0.177444 0.701918 0.809927 1 2 1
Pii_NIDANGIRU_body.png
0 -0.233511 0.563853 -0.0053669 -0.0780021 0.463627 0.88259 0.792194 0.799729 1 2 1
0 -0.281248 0.516951 0.00352536 -0.291108 0.254252 0.922287 0.707806 0.799729 1 2 1
0 -0.263775 0.452882 0.0156724 -0.213106 -0.0317611 0.976513 0.665612 0.726646 1 2 1
Pii_NIDANGIRU_body.png
0 -0.233511 0.563853 -0.0053669 -0.0780021 0.463627 0.88259 0.792194 0.799729 1 2 1
0 -0.168301 0.546686 -0.00211211 0.213106 0.38699 0.89712 0.834388 0.726646 1 2 1
0 -0.235949 0.565312 -0.0465207 -0.251979 0.966481 0.0492079 0.798082 0.809927 1 2 1
Pii_NIDANGIRU_body.png
0 -0.233511 0.563853 -0.0053669 -0.0780021 0.463627 0.88259 0.792194 0.799729 1 2 1
0 -0.263775 0.452882 0.0156724 -0.213106 -0.0317611 0.976513 0.665612 0.726646 1 2 1
0 -0.150828 0.482617 0.0100349 0.291108 0.100978 0.951346 0.792194 0.653564 1 2 1
Pii_NIDANGIRU_body.png
0 -0.233511 0.563853 -0.0053669 -0.0780021 0.463627 0.88259 0.792194 0.799729 1 2 1
0 -0.150828 0.482617 0.0100349 0.291108 0.100978 0.951346 0.792194 0.653564 1 2 1
0 -0.168301 0.546686 -0.00211211 0.213106 0.38699 0.89712 0.834388 0.726646 1 2 1
Pii_NIDANGIRU_body.png
0 -0.290348 0.511866 -0.0363876 -0.940399 0.29011 0.177444 0.701918 0.809927 1 2 1
0 -0.270437 0.438856 -0.0225454 -0.68842 -0.633829 0.352617 0.653836 0.726646 1 2 1
0 -0.281248 0.516951 0.00352536 -0.291108 0.254252 0.922287 0.707806 0.799729 1 2 1
Pii_NIDANGIRU_body.png
0 -0.281248 0.516951 0.00352536 -0.291108 0.254252 0.922287 0.707806 0.799729 1 2 1
0 -0.270437 0.438856 -0.0225454 -0.68842 -0.633829 0.352617 0.653836 0.726646 1 2 1
0 -0.263775 0.452882 0.0156724 -0.213106 -0.0317611 0.976513 0.665612 0.726646 1 2 1
Pii_NIDANGIRU_body.png
0 -0.235949 0.565312 -0.0465207 -0.251979 0.966481 0.0492079 0.798082 0.809927 1 2 1
0 -0.168301 0.546686 -0.00211211 0.213106 0.38699 0.89712 0.834388 0.726646 1 2 1
0 -0.161639 0.54575 -0.0428117 0.68842 0.718912 0.0961459 0.846164 0.726646 1 2 1
Pii_NIDANGIRU_body.png
0 -0.168301 0.546686 -0.00211211 0.213106 0.38699 0.89712 0.834388 0.726646 1 2 1
0 -0.150828 0.482617 0.0100349 0.291108 0.100978 0.951346 0.792194 0.653564 1 2 1
0 -0.161639 0.54575 -0.0428117 0.68842 0.718912 0.0961459 0.846164 0.726646 1 2 1
Pii_NIDANGIRU_body.png
0 -0.270437 0.438856 -0.0225454 -0.68842 -0.633829 0.352617 0.653836 0.726646 1 2 1
0 -0.196126 0.419293 -0.0188364 0.251979 -0.881398 0.399555 0.701918 0.643366 1 2 1
0 -0.263775 0.452882 0.0156724 -0.213106 -0.0317611 0.976513 0.665612 0.726646 1 2 1
Pii_NIDANGIRU_body.png
0 -0.150828 0.482617 0.0100349 0.291108 0.100978 0.951346 0.792194 0.653564 1 2 1
0 -0.141728 0.47274 -0.0289696 0.940399 -0.205028 0.271319 0.798082 0.643366 1 2 1
0 -0.161639 0.54575 -0.0428117 0.68842 0.718912 0.0961459 0.846164 0.726646 1 2 1
Pii_NIDANGIRU_body.png
0 -0.150828 0.482617 0.0100349 0.291108 0.100978 0.951346 0.792194 0.653564 1 2 1
0 -0.263775 0.452882 0.0156724 -0.213106 -0.0317611 0.976513 0.665612 0.726646 1 2 1
0 -0.198565 0.435715 0.0189272 0.078002 -0.108398 0.991043 0.707806 0.653564 1 2 1
Pii_NIDANGIRU_body.png
0 -0.150828 0.482617 0.0100349 0.291108 0.100978 0.951346 0.792194 0.653564 1 2 1
0 -0.198565 0.435715 0.0189272 0.078002 -0.108398 0.991043 0.707806 0.653564 1 2 1
0 -0.141728 0.47274 -0.0289696 0.940399 -0.205028 0.271319 0.798082 0.643366 1 2 1
Pii_NIDANGIRU_body.png
0 -0.198565 0.435715 0.0189272 0.078002 -0.108398 0.991043 0.707806 0.653564 1 2 1
0 -0.263775 0.452882 0.0156724 -0.213106 -0.0317611 0.976513 0.665612 0.726646 1 2 1
0 -0.196126 0.419293 -0.0188364 0.251979 -0.881398 0.399555 0.701918 0.643366 1 2 1
Pii_NIDANGIRU_body.png
0 -0.198565 0.435715 0.0189272 0.078002 -0.108398 0.991043 0.707806 0.653564 1 2 1
0 -0.196126 0.419293 -0.0188364 0.251979 -0.881398 0.399555 0.701918 0.643366 1 2 1
0 -0.141728 0.47274 -0.0289696 0.940399 -0.205028 0.271319 0.798082 0.643366 1 2 1
Pii_NIDANGIRU_body.png
0 -0.106468 0.546278 -0.00203476 -0.0780021 0.463627 0.88259 0.834388 0.718645 1 2 1
0 -0.163305 0.494291 -0.0330554 -0.940399 0.29011 0.177444 0.798186 0.801971 1 2 1
0 -0.154205 0.499376 0.00685751 -0.291108 0.254252 0.922287 0.792285 0.79178 1 2 1
Pii_NIDANGIRU_body.png
0 -0.106468 0.546278 -0.00203476 -0.0780021 0.463627 0.88259 0.834388 0.718645 1 2 1
0 -0.108906 0.547737 -0.0431886 -0.251979 0.966481 0.0492079 0.846164 0.71863 1 2 1
0 -0.163305 0.494291 -0.0330554 -0.940399 0.29011 0.177444 0.798186 0.801971 1 2 1
Pii_NIDANGIRU_body.png
0 -0.106468 0.546278 -0.00203476 -0.0780021 0.463627 0.88259 0.834388 0.718645 1 2 1
0 -0.154205 0.499376 0.00685751 -0.291108 0.254252 0.922287 0.792285 0.79178 1 2 1
0 -0.136732 0.435307 0.0190045 -0.213106 -0.0317611 0.976513 0.707897 0.791885 1 2 1
Pii_NIDANGIRU_body.png
0 -0.106468 0.546278 -0.00203476 -0.0780021 0.463627 0.88259 0.834388 0.718645 1 2 1
0 -0.0412575 0.52911 0.00122004 0.213106 0.38699 0.89712 0.792103 0.645615 1 2 1
0 -0.108906 0.547737 -0.0431886 -0.251979 0.966481 0.0492079 0.846164 0.71863 1 2 1
Pii_NIDANGIRU_body.png
0 -0.106468 0.546278 -0.00203476 -0.0780021 0.463627 0.88259 0.834388 0.718645 1 2 1
0 -0.136732 0.435307 0.0190045 -0.213106 -0.0317611 0.976513 0.707897 0.791885 1 2 1
0 -0.0237845 0.465042 0.0133671 0.291108 0.100978 0.951346 0.707715 0.645721 1 2 1
Pii_NIDANGIRU_body.png
0 -0.106468 0.546278 -0.00203476 -0.0780021 0.463627 0.88259 0.834388 0.718645 1 2 1
0 -0.0237845 0.465042 0.0133671 0.291108 0.100978 0.951346 0.707715 0.645721 1 2 1
0 -0.0412575 0.52911 0.00122004 0.213106 0.38699 0.89712 0.792103 0.645615 1 2 1
Pii_NIDANGIRU_body.png
0 -0.163305 0.494291 -0.0330554 -0.940399 0.29011 0.177444 0.798186 0.801971 1 2 1
0 -0.143393 0.421281 -0.0192132 -0.68842 -0.633829 0.352617 0.702022 0.802091 1 2 1
0 -0.154205 0.499376 0.00685751 -0.291108 0.254252 0.922287 0.792285 0.79178 1 2 1
Pii_NIDANGIRU_body.png
0 -0.154205 0.499376 0.00685751 -0.291108 0.254252 0.922287 0.792285 0.79178 1 2 1
0 -0.143393 0.421281 -0.0192132 -0.68842 -0.633829 0.352617 0.702022 0.802091 1 2 1
0 -0.136732 0.435307 0.0190045 -0.213106 -0.0317611 0.976513 0.707897 0.791885 1 2 1
Pii_NIDANGIRU_body.png
0 -0.108906 0.547737 -0.0431886 -0.251979 0.966481 0.0492079 0.846164 0.71863 1 2 1
0 -0.0412575 0.52911 0.00122004 0.213106 0.38699 0.89712 0.792103 0.645615 1 2 1
